     17,     36,     82,     85,    112,    115,    169,    177,    194,    209,    218,    247,    250,    257,    258,    285
    286,    289,    290,    291,    297,    304,    312,    315,    340,    350,    352,    368,    377,    382,    395,    401
    404,    431,    451,    452,    461,    474,    505,    506,    513,    516,    517,    535,    537,    540,    549,    572
    602,    605,    630,    631,    632,    637,    666,    671,    688,    700,    716,    724,    737,    742,    758,    762
    772,    775,    790,    798,    815,    825,    834,    854,    861,    867,    882,    894,    907,    915,    931,    937
    941,    942,    946,    951,    958,    960,    977,    997,    998,   1033,   1069,   1076,   1087,   1099,   1100,   1110
   1133,   1145,   1157,   1178,   1180,   1184,   1186,   1209,   1243,   1248,   1259,   1275,   1299,   1303,   1308,   1327
   1330,   1333,   1337,   1338,   1343,   1357,   1365,   1381,   1386,   1400,   1411,   1417,   1425,   1428,   1440,   1443
   1449,   1453,   1489,   1501,   1508,   1521,   1527,   1542,   1544,   1572,   1577,   1581,   1585,   1594,   1596,   1603
   1609,   1613,   1617,   1621,   1624,   1628,   1638,   1647,   1659,   1665,   1679,   1684,   1685,   1690,   1706,   1743
   1757,   1760,   1769,   1784,   1802,   1819,   1824,   1834,   1835,   1837,   1847,   1849,   1851,   1879,   1890,   1893
   1910,   1930,   1932,   1936,   1944,   1952,   1956,   1957,   1963,   1968,   1969,   1986,   2002,   2018,   2023,   2026
   2045,   2048,   2055,   2057,   2063,   2095,   2112,   2117,   2126,   2156,   2163,   2165,   2166,   2198,   2204,   2206
   2235,   2236,   2245,   2254,   2255,   2262,   2275,   2277,   2279,   2281,   2287,   2294,   2299,   2308,   2318,   2338
   2379,   2397,   2409,   2412,   2426,   2428,   2481,   2485,   2489,   2490,   2505,   2523,   2538,   2539,   2541,   2556
   2558,   2563,   2570,   2571,   2593,   2602,   2625,   2626,   2627,   2639,   2662,   2671,   2675,   2678,   2695,   2707
   2720,   2723,   2728,   2746,   2756,   2781,   2785,   2796,   2801,   2830,   2832,   2835,   2837,   2857,   2860,   2873
   2877,   2890,   2897,   2900,   2908,   2914,   2929,   2935,   2957,   2959,   2976,   2978,   2979,   3001,   3011,   3018
   3078,   3081,   3094,   3096,   3134,   3141,   3153,   3157,   3160,   3161,   3165,   3168,   3169,   3185,   3203,   3235
   3240,   3284,   3313,   3315,   3349,   3351,   3352,   3371,   3377,   3385,   3386,   3404,   3425,   3436,   3449,   3454
   3457,   3458,   3477,   3504,   3525,   3550,   3566,   3588,   3618,   3621,   3631,   3652,   3655,   3677,   3705,   3719
   3731,   3741,   3771,   3776,   3777,   3792,   3801,   3814,   3815,   3819,   3823,   3829,   3835,   3848,   3849,   3857
   3868,   3871,   3874,   3885,   3892,   3896,   3898,   3901,   3905,   3928,   3930,   3935,   3941,   3958,   3965,   3968
   3996,   3997,   4009,   4021,   4041,   4051,   4056,   4057,   4077,   4087,   4111,   4123,   4125,   4158,   4186,   4190
   4198,   4214,   4220,   4244,   4251,   4253,   4257,   4266,   4287,   4293,   4306,   4321,   4323,   4352,   4359,   4366
   4371,   4399,   4407,   4421,   4441,   4447,   4448,   4469,   4473,   4476,   4505,   4516,   4526,   4561,   4583,   4590
   4592,   4594,   4599,   4618,   4619,   4646,   4648,   4670,   4672,   4686,   4705,   4725,   4729,   4747,   4766,   4772
   4804,   4825,   4835,   4842,   4855,   4897,   4919,   4934,   4935,   4945,   4949,   4956,   4957,   4958,   4960,   4966
   4979,   5002,   5015,   5027,   5031,   5042,   5051,   5052,   5064,   5073,   5078,   5088,   5096,   5107,   5109,   5114
   5128,   5143,   5149,   5165,   5180,   5191,   5195,   5196,   5197,   5221,   5229,   5238,   5248,   5274,   5297,   5305
   5311,   5312,   5317,   5321,   5360,   5375,   5389,   5403,   5404,   5405,   5417,   5434,   5451,   5483,   5486,   5506
   5515,   5519,   5556,   5585,   5601,   5615,   5634,   5638,   5642,   5654,   5665,   5666,   5676,   5684,   5689,   5691
   5692,   5702,   5737,   5739,   5760,   5789,   5799,   5803,   5819,   5821,   5834,   5838,   5852,   5854,   5860,   5865
   5867,   5912,   5914,   5916,   5921,   5942,   5965,   5994,   6006,   6018,   6021,   6043,   6049,   6068,   6069,   6073
   6085,   6117,   6141,   6148,   6159,   6161,   6176,   6188,   6197,   6218,   6232,   6239,   6243,   6250,   6259,   6262
   6263,   6275,   6283,   6285,   6296,   6300,   6321,   6324,   6328,   6338,   6344,   6346,   6359,   6367,   6381,   6385
   6399,   6423,   6427,   6430,   6431,   6442,   6460,   6461,   6465,   6507,   6518,   6539,   6541,   6545,   6551,   6568
   6577,   6585,   6599,   6626,   6636,   6639,   6646,   6662,   6668,   6679,   6691,   6711,   6731,   6760,   6766,   6771
   6785,   6786,   6792,   6794,   6802,   6808,   6809,   6842,   6845,   6869,   6876,   6883,   6901,   6904,   6908,   6911
   6921,   6933,   6934,   6939,   6948,   6962,   6972,   6991,   6992,   6994,   7006,   7008,   7019,   7030,   7031,   7054
   7056,   7062,   7063,   7068,   7076,   7081,   7087,   7090,   7096,   7102,   7110,   7125,   7140,   7172,   7189,   7203
   7206,   7229,   7264,   7295,   7301,   7308,   7317,   7325,   7372,   7385,   7390,   7399,   7400,   7403,   7413,   7414
   7421,   7423,   7437,   7446,   7460,   7475,   7477,   7484,   7541,   7549,   7572,   7579,   7589,   7590,   7602,   7612
   7622,   7640,   7643,   7653,   7673,   7689,   7712,   7731,   7741,   7745,   7755,   7763,   7769,   7773,   7820,   7831
   7846,   7862,   7878,   7880,   7894,   7897,   7904,   7919,   7923,   7943,   7951,   7969,   7999,   8011,   8012,   8018
   8020,   8039,   8058,   8070,   8087,   8094,   8096,   8098,   8099,   8104,   8107,   8110,   8119,   8123,   8131,   8146
   8150,   8164,   8182,   8187,   8189,   8193,   8198,   8201,   8248,   8252,   8261,   8268,   8272,   8283,   8284,   8292
   8296,   8297,   8307,   8321,   8325,   8337,   8346,   8359,   8363,   8370,   8373,   8374,   8375,   8395,   8403,   8419
   8457,   8476,   8480,   8483,   8505,   8516,   8522,   8536,   8565,   8567,   8570,   8596,   8600,   8608,   8609,   8637
   8657,   8681,   8703,   8707,   8734,   8741,   8750,   8770,   8796,   8820,   8851,   8854,   8866,   8874,   8880,   8884
   8892,   8906,   8929,   8933,   8945,   8953,   8973,   8979,   8981,   8999,   9044,   9057,   9060,   9065,   9085,   9091
   9095,   9109,   9113,   9114,   9129,   9142,   9148,   9155,   9170,   9174,   9181,   9191,   9211,   9224,   9240,   9241
   9255,   9256,   9266,   9280,   9290,   9291,   9304,   9313,   9315,   9318,   9327,   9345,   9349,   9351,   9354,   9358
   9360,   9365,   9394,   9397,   9403,   9438,   9452,   9464,   9483,   9497,   9508,   9511,   9522,   9530,   9532,   9571
   9610,   9621,   9622,   9624,   9633,   9655,   9678,   9684,   9694,   9695,   9704,   9716,   9719,   9729,   9730,   9748
   9753,   9755,   9756,   9761,   9794,   9795,   9796,   9799,   9804,   9836,   9842,   9845,   9846,   9847,   9852,   9861
   9866,   9868,   9869,   9874,   9876,   9903,   9923,   9933,   9937,   9940,   9942,   9945,   9946,   9954,   9957,   9967
   9972,   9985,   9993,   9999,  10007,  10030,  10031,  10059,  10068,  10077,  10080,  10086,  10088,  10090,  10092,  10125
  10130,  10131,  10141,  10159,  10205,  10216,  10234,  10253,  10254,  10255,  10267,  10271,  10277,  10304,  10305,  10306
  10307,  10321,  10327,  10334,  10336,  10340,  10343,  10357,  10373,  10388,  10405,  10428,  10464,  10468,  10486,  10494
  10500,  10505,  10507,  10509,  10516,  10521,  10527,  10529,  10542,  10555,  10562,  10573,  10582,  10585,  10591,  10592
  10596,  10598,  10621,  10631,  10639,  10698,  10707,  10708,  10709,  10717,  10730,  10749,  10752,  10758,  10763,  10765
  10819,  10833,  10834,  10836,  10846,  10849,  10886,  10887,  10891,  10920,  10921,  10930,  10936,  10953,  10963,  11001
  11032,  11033,  11043,  11050,  11052,  11058,  11062,  11067,  11073,  11095,  11105,  11132,  11134,  11141,  11153,  11155
  11157,  11158,  11182,  11195,  11203,  11224,  11227,  11228,  11252,  11287,  11295,  11297,  11310,  11353,  11362,  11366
  11390,  11401,  11405,  11420,  11454,  11456,  11464,  11472,  11487,  11509,  11512,  11517,  11520,  11538,  11547,  11554
  11558,  11562,  11565,  11574,  11579,  11618,  11649,  11651,  11677,  11691,  11715,  11727,  11732,  11734,  11750,  11776
  11777,  11790,  11810,  11813,  11821,  11827,  11837,  11871,  11890,  11903,  11904,  11907,  11919,  11940,  11942,  11952
  11956,  11962,  11971,  11994,  12011,  12025,  12077,  12086,  12092,  12096,  12097,  12130,  12137,  12138,  12154,  12160
  12166,  12167,  12172,  12176,  12182,  12191,  12193,  12228,  12232,  12233,  12240,  12241,  12244,  12256,  12272,  12279
  12281,  12305,  12326,  12335,  12355,  12369,  12380,  12383,  12387,  12390,  12395,  12416,  12456,  12460,  12469,  12497
  12502,  12504,  12516,  12553,  12559,  12596,  12609,  12633,  12637,  12639,  12642,  12683,  12712,  12770,  12782,  12788
  12789,  12794,  12803,  12822,  12827,  12830,  12835,  12841,  12843,  12851,  12856,  12877,  12881,  12911,  12912,  12922
  12931,  12934,  12946,  12948,  13008,  13010,  13013,  13025,  13035,  13037,  13059,  13073,  13079,  13081,  13089,  13098
  13113,  13119,  13127,  13152,  13154,  13164,  13169,  13171,  13191,  13197,  13204,  13207,  13214,  13223,  13238,  13246
  13257,  13266,  13275,  13303,  13304,  13305,  13309,  13313,  13340,  13379,  13405,  13412,  13414,  13419,  13423,  13434
  13441,  13445,  13457,  13466,  13468,  13475,  13485,  13506,  13508,  13526,  13539,  13550,  13551,  13556,  13565,  13568
  13570,  13611,  13640,  13646,  13654,  13659,  13668,  13673,  13687,  13694,  13698,  13702,  13708,  13716,  13718,  13725
  13727,  13784,  13785,  13792,  13801,  13812,  13820,  13833,  13855,  13886,  13891,  13893,  13905,  13913,  13916,  13944
  13946,  13949,  13961,  13979,  13996,  14004,  14013,  14030,  14034,  14041,  14053,  14090,  14099,  14138,  14145,  14151
  14154,  14161,  14185,  14219,  14220,  14225,  14251,  14259,  14270,  14281,  14286,  14295,  14301,  14304,  14309,  14312
  14321,  14353,  14409,  14414,  14422,  14429,  14441,  14446,  14451,  14491,  14498,  14516,  14525,  14566,  14579,  14585
  14592,  14599,  14601,  14609,  14615,  14619,  14625,  14635,  14662,  14664,  14673,  14681,  14686,  14720,  14725,  14732
  14735,  14742,  14748,  14751,  14755,  14759,  14762,  14771,  14772,  14773,  14782,  14797,  14801,  14803,  14814,  14817
  14824,  14833,  14849,  14857,  14861,  14866,  14892,  14901,  14910,  14929,  14936,  14941,  14960,  14975,  14984,  14985
  14986,  14991,  15001,  15005,  15008,  15009,  15034,  15036,  15051,  15059,  15066,  15072,  15082,  15090,  15092,  15117
  15130,  15139,  15155,  15172,  15185,  15195,  15211,  15227,  15230,  15260,  15267,  15271,  15276,  15277,  15278,  15289
  15296,  15305,  15311,  15328,  15353,  15382,  15397,  15398,  15406,  15411,  15423,  15435,  15436,  15440,  15462,  15469
  15477,  15486,  15493,  15507,  15517,  15531,  15557,  15564,  15573,  15607,  15612,  15643,  15646,  15647,  15662,  15674
  15698,  15701,  15715,  15735,  15736,  15739,  15740,  15766,  15793,  15799,  15819,  15824,  15842,  15849,  15869,  15873
  15880,  15883,  15886,  15908,  15916,  15924,  15925,  15927,  15929,  15932,  15942,  15950,  15958,  15975,  15977,  15997
  16020,  16021,  16026,  16035,  16040,  16043,  16048,  16050,  16059,  16065,  16067,  16081,  16096,  16099,  16121,  16131
  16157,  16158,  16180,  16196,  16206,  16208,  16228,  16237,  16264,  16268,  16278,  16280,  16283,  16285,  16288,  16317
  16323,  16342,  16379,  16386,  16395,  16398,  16408,  16414,  16422,  16431,  16436,  16451,  16466,  16479,  16490,  16494
  16516,  16524,  16525,  16526,  16552,  16570,  16573,  16578,  16590,  16592,  16594,  16609,  16611,  16618,  16642,  16649
  16656,  16660,  16663,  16677,  16685,  16701,  16719,  16725,  16732,  16745,  16755,  16757,  16759,  16764,  16777,  16796
  16802,  16807,  16810,  16822,  16836,  16849,  16873,  16881,  16888,  16891,  16903,  16906,  16907,  16914,  16919,  16942
  16958,  16970,  16988,  16989,  16991,  17006,  17025,  17026,  17035,  17049,  17054,  17065,  17111,  17113,  17156,  17157
  17172,  17189,  17195,  17220,  17222,  17226,  17228,  17249,  17257,  17266,  17289,  17302,  17303,  17304,  17307,  17326
  17331,  17342,  17375,  17390,  17396,  17411,  17418,  17425,  17426,  17427,  17430,  17433,  17443,  17452,  17454,  17460
  17474,  17485,  17496,  17521,  17531,  17536,  17551,  17566,  17568,  17572,  17573,  17582,  17586,  17590,  17606,  17613
  17614,  17630,  17647,  17654,  17655,  17662,  17672,  17698,  17711,  17712,  17741,  17749,  17768,  17789,  17791,  17793
  17798,  17824,  17833,  17845,  17861,  17865,  17868,  17900,  17922,  17941,  17942,  17958,  17961,  17974,  17986,  17990
  17997,  18001,  18013,  18020,  18034,  18037,  18058,  18061,  18062,  18083,  18092,  18094,  18106,  18116,  18129,  18136
  18141,  18171,  18176,  18205,  18222,  18226,  18237,  18245,  18265,  18284,  18289,  18294,  18300,  18303,  18308,  18312
  18325,  18342,  18343,  18354,  18370,  18398,  18415,  18422,  18439,  18440,  18452,  18459,  18465,  18468,  18481,  18492
  18507,  18508,  18522,  18549,  18551,  18562,  18569,  18572,  18574,  18582,  18583,  18587,  18595,  18601,  18602,  18610
  18615,  18649,  18652,  18653,  18658,  18669,  18673,  18692,  18709,  18726,  18728,  18751,  18758,  18769,  18773,  18779
  18787,  18789,  18790,  18798,  18815,  18818,  18830,  18859,  18860,  18866,  18869,  18872,  18883,  18888,  18895,  18907
  18914,  18924,  18925,  18926,  18927,  18944,  18964,  18966,  18975,  18984,  18986,  19007,  19030,  19031,  19039,  19050
  19051,  19058,  19060,  19074,  19080,  19082,  19092,  19098,  19105,  19109,  19113,  19118,  19122,  19133,  19140,  19148
  19162,  19180,  19217,  19234,  19246,  19258,  19276,  19281,  19283,  19302,  19312,  19334,  19337,  19342,  19356,  19380
  19417,  19423,  19428,  19448,  19465,  19467,  19470,  19480,  19519,  19542,  19548,  19554,  19560,  19568,  19590,  19599
  19601,  19619,  19624,  19628,  19661,  19666,  19671,  19675,  19688,  19689,  19693,  19702,  19738,  19761,  19767,  19771
  19773,  19774,  19778,  19791,  19797,  19804,  19813,  19837,  19866,  19872,  19881,  19891,  19892,  19901,  19904,  19910
  19917,  19921,  19939,  19963,  19972,  19978,  19999,  20004,  20009,  20013,  20023,  20024,  20059,  20060,  20074,  20085
  20095,  20101,  20114,  20122,  20123,  20129,  20132,  20161,  20163,  20170,  20195,  20214,  20231,  20234,  20236,  20265
  20270,  20272,  20278,  20283,  20332,  20338,  20348,  20355,  20359,  20367,  20378,  20379,  20387,  20388,  20392,  20395
  20408,  20418,  20419,  20421,  20430,  20440,  20445,  20463,  20468,  20478,  20483,  20485,  20493,  20506,  20510,  20527
  20540,  20547,  20548,  20558,  20572,  20575,  20582,  20597,  20612,  20629,  20640,  20649,  20660,  20667,  20676,  20702
  20705,  20716,  20726,  20735,  20745,  20755,  20758,  20782,  20794,  20800,  20838,  20842,  20847,  20851,  20860,  20876
  20885,  20893,  20896,  20902,  20904,  20938,  20940,  20944,  20956,  20967,  20992,  20996,  21005,  21014,  21033,  21046
  21051,  21064,  21077,  21094,  21098,  21118,  21120,  21130,  21154,  21159,  21164,  21192,  21250,  21260,  21285,  21290
  21298,  21320,  21331,  21338,  21342,  21343,  21345,  21401,  21408,  21434,  21443,  21450,  21470,  21483,  21484,  21501
  21506,  21521,  21530,  21532,  21561,  21567,  21569,  21596,  21604,  21636,  21644,  21645,  21650,  21660,  21662,  21666
  21667,  21706,  21709,  21711,  21723,  21730,  21750,  21763,  21781,  21786,  21789,  21803,  21807,  21808,  21844,  21845
  21873,  21894,  21906,  21920,  21929,  21973,  21977,  21993,  22015,  22038,  22053,  22062,  22064,  22065,  22073,  22077
  22086,  22138,  22141,  22145,  22151,  22162,  22179,  22185,  22224,  22229,  22239,  22241,  22250,  22254,  22267,  22269
  22270,  22274,  22316,  22321,  22332,  22335,  22336,  22337,  22340,  22349,  22376,  22380,  22381,  22392,  22404,  22409
  22413,  22417,  22420,  22421,  22424,  22438,  22441,  22442,  22444,  22446,  22456,  22481,  22486,  22518,  22519,  22523
  22532,  22554,  22563,  22564,  22567,  22568,  22570,  22584,  22604,  22614,  22635,  22638,  22645,  22651,  22654,  22655
  22664,  22669,  22681,  22688,  22702,  22709,  22712,  22725,  22739,  22747,  22767,  22772,  22781,  22802,  22813,  22843
  22848,  22862,  22863,  22878,  22879,  22882,  22883,  22900,  22909,  22929,  22931,  22932,  22934,  22951,  22967,  22973
  22978,  22979,  22992,  22997,  23001,  23009,  23013,  23023,  23053,  23069,  23083,  23132,  23137,  23145,  23148,  23159
  23162,  23173,  23201,  23230,  23235,  23237,  23243,  23273,  23276,  23282,  23285,  23288,  23289,  23293,  23295,  23296
  23301,  23302,  23308,  23335,  23350,  23373,  23378,  23433,  23439,  23447,  23449,  23451,  23452,  23465,  23495,  23501
  23513,  23527,  23536,  23539,  23543,  23571,  23580,  23581,  23595,  23597,  23601,  23608,  23615,  23641,  23653,  23654
  23704,  23705,  23756,  23763,  23776,  23778,  23779,  23784,  23807,  23815,  23823,  23851,  23856,  23865,  23875,  23912
  23923,  23924,  23929,  23936,  23938,  23940,  23953,  23955,  23957,  23970,  23980,  23984,  23996,  24005,  24010,  24013
  24017,  24024,  24031,  24036,  24046,  24065,  24087,  24092,  24095,  24104,  24123,  24131,  24135,  24144,  24172,  24181
  24189,  24190,  24216,  24227,  24229,  24233,  24234,  24269,  24280,  24282,  24286,  24301,  24303,  24310,  24325,  24329
  24340,  24357,  24361,  24371,  24377,  24382,  24393,  24397,  24422,  24426,  24433,  24450,  24451,  24453,  24459,  24493
  24501,  24505,  24506,  24514,  24533,  24544,  24555,  24557,  24563,  24577,  24603,  24620,  24626,  24629,  24640,  24661
  24665,  24675,  24681,  24689,  24704,  24706,  24712,  24728,  24786,  24792,  24806,  24807,  24818,  24819,  24838,  24839
  24841,  24859,  24864,  24880,  24892,  24915,  24927,  24938,  24941,  24950,  24957,  24960,  24961,  24968,  24969,  24986
  24992,  24995,  25012,  25024,  25027,  25028,  25029,  25030,  25038,  25046,  25050,  25096,  25101,  25112,  25120,  25132
  25137,  25153,  25157,  25169,  25171,  25195,  25202,  25214,  25218,  25220,  25268,  25282,  25297,  25326,  25340,  25352
  25364,  25381,  25387,  25389,  25393,  25404,  25411,  25421,  25422,  25434,  25442,  25473,  25481,  25489,  25493,  25507
  25509,  25519,  25529,  25557,  25577,  25581,  25583,  25589,  25630,  25645,  25653,  25683,  25689,  25692,  25710,  25714
  25715,  25720,  25736,  25743,  25744,  25745,  25747,  25751,  25754,  25765,  25766,  25788,  25790,  25797,  25801,  25818
  25830,  25893,  25913,  25917,  25918,  25929,  25931,  25932,  25938,  25944,  25958,  25976,  25982,  25990,  25993,  26002
  26003,  26015,  26021,  26022,  26023,  26053,  26057,  26060,  26088,  26098,  26107,  26140,  26160,  26175,  26181,  26196
  26209,  26219,  26220,  26238,  26250,  26257,  26262,  26268,  26277,  26294,  26311,  26316,  26318,  26330,  26332,  26333
  26336,  26350,  26354,  26359,  26366,  26370,  26373,  26375,  26378,  26379,  26397,  26412,  26422,  26427,  26430,  26449
  26469,  26474,  26477,  26482,  26488,  26499,  26505,  26509,  26520,  26525,  26550,  26558,  26568,  26570,  26576,  26584
  26590,  26594,  26598,  26601,  26604,  26616,  26618,  26621,  26638,  26639,  26643,  26658,  26660,  26667,  26691,  26699
  26707,  26717,  26719,  26727,  26737,  26740,  26743,  26784,  26796,  26798,  26802,  26818,  26826,  26836,  26861,  26868
  26872,  26885,  26886,  26887,  26898,  26900,  26971,  26981,  26994,  26995,  26996,  27000,  27002,  27007,  27009,  27021
  27049,  27051,  27054,  27059,  27062,  27064,  27065,  27074,  27079,  27098,  27100,  27102,  27104,  27123,  27128,  27167
  27172,  27174,  27175,  27180,  27183,  27200,  27226,  27228,  27231,  27232,  27265,  27267,  27284,  27291,  27295,  27319
  27323,  27326,  27332,  27334,  27335,  27340,  27362,  27366,  27367,  27373,  27402,  27422,  27431,  27466,  27470,  27474
  27478,  27495,  27532,  27534,  27535,  27543,  27550,  27574,  27577,  27584,  27592,  27594,  27599,  27628,  27630,  27644
  27645,  27648,  27653,  27657,  27664,  27673,  27681,  27682,  27688,  27689,  27702,  27738,  27752,  27770,  27773,  27775
  27776,  27781,  27830,  27858,  27870,  27871,  27872,  27873,  27882,  27883,  27896,  27898,  27901,  27924,  27927,  27931
  27936,  27940,  27942,  27949,  27978,  27994,  27997,  27998,  28024,  28031,  28033,  28042,  28053,  28070,  28087,  28094
  28122,  28129,  28130,  28132,  28133,  28136,  28165,  28181,  28183,  28192,  28218,  28219,  28226,  28233,  28295,  28299
  28306,  28322,  28326,  28343,  28354,  28362,  28402,  28416,  28418,  28447,  28450,  28460,  28469,  28476,  28487,  28496
  28497,  28501,  28506,  28524,  28534,  28535,  28546,  28554,  28580,  28583,  28586,  28595,  28605,  28610,  28612,  28638
  28648,  28649,  28659,  28668,  28678,  28691,  28692,  28701,  28709,  28726,  28745,  28754,  28755,  28758,  28763,  28767
  28770,  28774,  28779,  28791,  28794,  28806,  28844,  28849,  28854,  28858,  28863,  28864,  28884,  28892,  28894,  28898
  28906,  28907,  28912,  28919,  28929,  28948,  28966,  28971,  28984,  28985,  28991,  29021,  29030,  29032,  29033,  29043
  29052,  29099,  29125,  29151,  29159,  29174,  29178,  29194,  29213,  29219,  29223,  29224,  29234,  29247,  29282,  29294
  29311,  29322,  29323,  29327,  29338,  29346,  29358,  29364,  29387,  29390,  29395,  29402,  29408,  29410,  29415,  29418
  29424,  29428,  29463,  29484,  29490,  29500,  29504,  29508,  29513,  29519,  29524,  29535,  29537,  29547,  29588,  29599
  29610,  29619,  29628,  29642,  29643,  29665,  29674,  29680,  29691,  29695,  29709,  29710,  29723,  29727,  29740,  29743
  29745,  29765,  29772,  29779,  29782,  29788,  29807,  29810,  29816,  29847,  29848,  29851,  29870,  29881,  29886,  29894
  29897,  29936,  29944,  29950,  29955,  29970,  29994,  29996,  30000,  30001,  30002,  30004,  30007,  30015,  30022,  30025
  30028,  30035,  30045,  30063,  30066,  30098,  30102,  30106,  30115,  30123,  30128,  30133,  30137,  30146,  30150,  30155
  30156,  30157,  30169,  30184,  30195,  30207,  30239,  30248,  30264,  30267,  30285,  30300,  30303,  30304,  30320,  30334
  30347,  30373,  30385,  30397,  30416,  30421,  30422,  30425,  30448,  30453,  30459,  30461,  30499,  30505,  30516,  30518
  30532,  30536,  30548,  30556,  30568,  30576,  30577,  30581,  30590,  30616,  30617,  30619,  30624,  30635,  30639,  30642
  30647,  30649,  30670,  30688,  30695,  30697,  30699,  30714,  30730,  30738,  30752,  30767,  30777,  30778,  30804,  30841
  30843,  30859,  30861,  30862,  30909,  30910,  30912,  30923,  30924,  30938,  30939,  30940,  30947,  30957,  30964,  30969
  30974,  30997,  30998,  31003,  31006,  31015,  31020,  31029,  31031,  31040,  31054,  31071,  31072,  31089,  31106,  31123
  31124,  31141,  31146,  31147,  31170,  31175,  31201,  31220,  31231,  31237,  31265,  31277,  31295,  31308,  31320,  31324
  31345,  31354,  31355,  31367,  31396,  31403,  31419,  31420,  31425,  31427,  31430,  31459,  31460,  31475,  31489,  31492
  31494,  31498,  31502,  31506,  31533,  31541,  31547,  31558,  31561,  31566,  31573,  31576,  31578,  31596,  31598,  31601
  31604,  31607,  31608,  31609,  31612,  31624,  31632,  31641,  31645,  31668,  31670,  31674,  31678,  31679,  31683,  31684
  31695,  31696,  31701,  31712,  31716,  31723,  31734,  31741,  31743,  31748,  31772,  31782,  31783,  31786,  31787,  31803
  31806,  31815,  31823,  31839,  31852,  31855,  31863,  31864,  31866,  31870,  31883,  31891,  31910,  31914,  31928,  31930
  31933,  31945,  31957,  31960,  31961,  31970,  31974,  31976,  31994,  31995,  32002,  32008,  32017,  32023,  32026,  32030
  32036,  32044,  32053,  32062,  32082,  32088,  32092,  32094,  32107,  32118,  32119,  32131,  32133,  32147,  32165,  32186
  32201,  32206,  32216,  32218,  32224,  32231,  32241,  32246,  32261,  32270,  32274,  32277,  32279,  32288,  32293,  32294
  32302,  32306,  32311,  32321,  32328,  32344,  32356,  32358,  32361,  32380,  32383,  32386,  32396,  32405,  32413,  32415
  32416,  32437,  32443,  32448,  32451,  32455,  32459,  32496,  32515,  32517,  32533,  32537,  32550,  32571,  32595,  32596
  32602,  32606,  32614,  32626,  32628,  32632,  32633,  32652,  32655,  32674,  32696,  32703,  32710,  32727,  32740,  32741
  32769,  32787,  32794,  32797,  32804,  32809,  32833,  32856,  32858,  32860,  32913,  32916,  32927,  32940,  32941,  32948
  32949,  32952,  32953,  32957,  32961,  32979,  32983,  32986,  32993,  33003,  33008,  33010,  33020,  33024,  33025,  33033
  33043,  33050,  33052,  33056,  33063,  33066,  33071,  33076,  33081,  33083,  33085,  33108,  33109,  33121,  33126,  33134
  33163,  33182,  33187,  33188,  33208,  33212,  33231,  33237,  33244,  33248,  33250,  33255,  33260,  33265,  33266,  33280
  33285,  33287,  33288,  33303,  33324,  33352,  33361,  33380,  33382,  33389,  33390,  33395,  33396,  33417,  33426,  33434
  33439,  33462,  33469,  33477,  33481,  33494,  33499,  33500,  33508,  33509,  33518,  33534,  33540,  33551,  33565,  33569
  33570,  33584,  33610,  33621,  33628,  33639,  33643,  33648,  33660,  33662,  33668,  33674,  33675,  33684,  33690,  33700
  33712,  33736,  33745,  33761,  33768,  33771,  33778,  33779,  33780,  33787,  33818,  33828,  33846,  33848,  33863,  33876
  33883,  33887,  33893,  33900,  33908,  33914,  33926,  33932,  33937,  33950,  33972,  33980,  33982,  33983,  33986,  33997
  34004,  34005,  34007,  34015,  34024,  34032,  34038,  34039,  34050,  34058,  34076,  34085,  34102,  34113,  34114,  34122
  34136,  34142,  34152,  34165,  34169,  34171,  34183,  34191,  34215,  34224,  34228,  34236,  34245,  34261,  34274,  34275
  34291,  34298,  34306,  34310,  34314,  34315,  34327,  34329,  34330,  34349,  34403,  34405,  34406,  34416,  34419,  34438
  34443,  34476,  34482,  34483,  34484,  34493,  34519,  34534,  34536,  34546,  34548,  34552,  34557,  34564,  34566,  34577
  34578,  34584,  34587,  34612,  34614,  34617,  34622,  34624,  34640,  34648,  34652,  34659,  34663,  34670,  34682,  34683
  34691,  34692,  34700,  34714,  34715,  34726,  34731,  34751,  34753,  34768,  34776,  34787,  34793,  34807,  34811,  34816
  34852,  34854,  34858,  34862,  34875,  34881,  34888,  34894,  34901,  34924,  34940,  34944,  34960,  34965,  34972,  34977
  34998,  35001,  35004,  35017,  35037,  35046,  35051,  35080,  35082,  35086,  35087,  35097,  35106,  35108,  35117,  35121
  35147,  35170,  35171,  35186,  35187,  35192,  35203,  35205,  35219,  35220,  35232,  35240,  35254,  35257,  35263,  35268
  35290,  35293,  35294,  35309,  35310,  35316,  35318,  35368,  35370,  35404,  35407,  35410,  35426,  35431,  35435,  35448
  35452,  35453,  35474,  35476,  35478,  35485,  35503,  35507,  35545,  35553,  35576,  35577,  35578,  35584,  35588,  35602
  35603,  35613,  35639,  35646,  35664,  35673,  35682,  35703,  35706,  35717,  35719,  35723,  35725,  35727,  35756,  35762
  35765,  35769,  35771,  35774,  35781,  35788,  35792,  35793,  35802,  35811,  35825,  35826,  35832,  35843,  35858,  35862
  35865,  35892,  35903,  35908,  35920,  35921,  35935,  35936,  35940,  35946,  35978,  35979,  35982,  36011,  36025,  36026
  36037,  36053,  36056,  36080,  36081,  36082,  36084,  36086,  36087,  36094,  36099,  36102,  36106,  36115,  36120,  36127
  36133,  36135,  36214,  36232,  36237,  36250,  36254,  36278,  36279,  36280,  36292,  36296,  36300,  36302,  36306,  36317
  36322,  36356,  36358,  36362,  36364,  36385,  36393,  36394,  36400,  36407,  36413,  36433,  36438,  36443,  36446,  36452
  36470,  36476,  36484,  36511,  36514,  36519,  36525,  36555,  36557,  36570,  36571,  36578,  36580,  36597,  36610,  36617
  36627,  36636,  36638,  36641,  36648,  36674,  36686,  36694,  36697,  36699,  36703,  36706,  36710,  36722,  36731,  36733
  36736,  36739,  36749,  36752,  36755,  36776,  36778,  36795,  36811,  36815,  36819,  36820,  36852,  36861,  36870,  36883
  36895,  36917,  36937,  36939,  36944,  36946,  36950,  36959,  36973,  36995,  37009,  37012,  37013,  37022,  37024,  37043
  37048,  37064,  37068,  37079,  37082,  37083,  37090,  37092,  37106,  37115,  37119,  37124,  37144,  37149,  37151,  37161
  37165,  37170,  37172,  37184,  37189,  37193,  37196,  37223,  37255,  37261,  37297,  37298,  37320,  37344,  37352,  37356
  37358,  37398,  37408,  37409,  37435,  37436,  37437,  37439,  37456,  37479,  37482,  37483,  37491,  37496,  37504,  37511
  37518,  37530,  37533,  37546,  37552,  37572,  37590,  37599,  37614,  37617,  37620,  37643,  37644,  37645,  37652,  37653
  37660,  37665,  37668,  37678,  37679,  37684,  37694,  37706,  37718,  37721,  37724,  37739,  37745,  37746,  37769,  37779
  37784,  37795,  37808,  37810,  37816,  37818,  37824,  37827,  37835,  37840,  37848,  37852,  37853,  37861,  37864,  37876
  37880,  37884,  37895,  37896,  37911,  37913,  37936,  37939,  37949,  37959,  37966,  37971,  37976,  37987,  37997,  38002
  38017,  38018,  38031,  38043,  38048,  38065,  38066,  38068,  38073,  38077,  38080,  38086,  38098,  38105,  38108,  38113
  38114,  38124,  38131,  38141,  38151,  38152,  38154,  38171,  38172,  38179,  38182,  38188,  38190,  38192,  38223,  38224
  38226,  38231,  38241,  38246,  38250,  38261,  38263,  38271,  38288,  38304,  38312,  38313,  38321,  38322,  38330,  38341
  38359,  38363,  38369,  38372,  38377,  38387,  38408,  38436,  38439,  38472,  38483,  38491,  38503,  38549,  38571,  38574
  38578,  38593,  38613,  38631,  38639,  38646,  38668,  38669,  38696,  38701,  38711,  38715,  38720,  38732,  38733,  38738
  38741,  38753,  38755,  38759,  38787,  38800,  38801,  38815,  38825,  38848,  38858,  38869,  38872,  38881,  38887,  38891
  38915,  38919,  38921,  38922,  38927,  38950,  38955,  38958,  38978,  38989,  38993,  38997,  39021,  39022,  39031,  39034
  39052,  39067,  39076,  39077,  39090,  39101,  39114,  39122,  39123,  39139,  39149,  39153,  39155,  39158,  39161,  39167
  39168,  39174,  39188,  39193,  39197,  39199,  39207,  39211,  39214,  39220,  39235,  39243,  39251,  39254,  39256,  39259
  39262,  39266,  39286,  39289,  39308,  39311,  39315,  39322,  39334,  39341,  39347,  39361,  39364,  39375,  39376,  39383
  39384,  39390,  39430,  39453,  39457,  39465,  39469,  39482,  39486,  39490,  39500,  39503,  39509,  39527,  39534,  39549
  39558,  39559,  39567,  39573,  39576,  39588,  39604,  39612,  39617,  39621,  39627,  39629,  39635,  39640,  39648,  39650
  39655,  39664,  39682,  39689,  39692,  39751,  39759,  39783,  39789,  39793,  39814,  39837,  39844,  39845,  39879,  39892
  39899,  39911,  39924,  39973,  39995,  40003,  40016,  40023,  40033,  40057,  40060,  40067,  40069,  40070,  40071,  40072
  40073,  40076,  40084,  40088,  40092,  40096,  40104,  40118,  40119,  40139,  40157,  40172,  40180,  40198,  40199,  40201
  40206,  40209,  40215,  40216,  40231,  40232,  40234,  40239,  40251,  40273,  40283,  40285,  40305,  40312,  40317,  40351
  40352,  40370,  40388,  40389,  40397,  40404,  40417,  40438,  40447,  40454,  40468,  40474,  40499,  40509,  40513,  40514
  40526,  40533,  40538,  40540,  40544,  40560,  40562,  40566,  40571,  40606,  40609,  40616,  40622,  40623,  40629,  40638
  40640,  40641,  40642,  40649,  40654,  40657,  40663,  40674,  40698,  40710,  40712,  40720,  40729,  40736,  40738,  40741
  40742,  40757,  40760,  40766,  40779,  40780,  40801,  40826,  40831,  40849,  40854,  40857,  40860,  40882,  40888,  40897
  40902,  40904,  40913,  40916,  40921,  40928,  40934,  40936,  40945,  40950,  40959,  40970,  40971,  40972,  40991,  40997
  41017,  41019,  41023,  41043,  41051,  41056,  41062,  41066,  41077,  41090,  41122,  41123,  41127,  41157,  41168,  41172
  41191,  41202,  41229,  41230,  41232,  41259,  41264,  41265,  41267,  41275,  41280,  41282,  41302,  41331,  41334,  41375
  41380,  41388,  41399,  41408,  41424,  41442,  41443,  41463,  41471,  41487,  41506,  41540,  41541,  41553,  41566,  41576
  41582,  41591,  41597,  41603,  41619,  41631,  41641,  41643,  41644,  41645,  41646,  41650,  41655,  41656,  41664,  41686
  41717,  41720,  41721,  41725,  41727,  41731,  41735,  41744,  41746,  41780,  41786,  41788,  41792,  41793,  41795,  41797
  41807,  41809,  41820,  41823,  41824,  41832,  41834,  41841,  41850,  41859,  41869,  41898,  41904,  41943,  41949,  41978
  42007,  42012,  42014,  42019,  42032,  42033,  42039,  42040,  42041,  42058,  42087,  42107,  42108,  42118,  42125,  42145
  42148,  42152,  42161,  42172,  42181,  42185,  42215,  42238,  42240,  42242,  42254,  42256,  42259,  42260,  42263,  42266
  42279,  42283,  42284,  42286,  42291,  42295,  42312,  42322,  42330,  42336,  42364,  42372,  42373,  42389,  42392,  42395
  42401,  42405,  42413,  42416,  42447,  42453,  42458,  42466,  42487,  42494,  42498,  42499,  42512,  42533,  42535,  42536
  42538,  42539,  42549,  42557,  42560,  42563,  42601,  42613,  42614,  42616,  42631,  42636,  42643,  42656,  42664,  42701
  42702,  42703,  42707,  42709,  42721,  42742,  42750,  42758,  42772,  42777,  42781,  42785,  42786,  42803,  42812,  42813
  42816,  42826,  42827,  42838,  42846,  42850,  42851,  42855,  42858,  42859,  42862,  42863,  42865,  42867,  42877,  42882
  42886,  42888,  42889,  42892,  42895,  42904,  42910,  42918,  42925,  42931,  42966,  42974,  42976,  42978,  43000,  43009
  43027,  43038,  43055,  43060,  43071,  43093,  43098,  43112,  43123,  43126,  43133,  43134,  43138,  43154,  43165,  43172
  43173,  43175,  43194,  43195,  43222,  43259,  43275,  43280,  43317,  43335,  43356,  43357,  43366,  43367,  43368,  43372
  43393,  43401,  43406,  43410,  43427,  43439,  43445,  43459,  43478,  43518,  43522,  43547,  43557,  43580,  43588,  43590
  43619,  43622,  43629,  43677,  43683,  43684,  43692,  43696,  43701,  43706,  43757,  43764,  43773,  43783,  43793,  43807
  43808,  43833,  43843,  43870,  43873,  43885,  43886,  43896,  43907,  43912,  43915,  43916,  43925,  43939,  43940,  43944
  43948,  43955,  43968,  43982,  43984,  43985,  43993,  43997,  44017,  44021,  44044,  44081,  44085,  44098,  44112,  44113
  44126,  44151,  44172,  44191,  44224,  44235,  44237,  44238,  44257,  44260,  44284,  44286,  44290,  44293,  44297,  44304
  44315,  44320,  44347,  44348,  44358,  44373,  44379,  44383,  44394,  44397,  44421,  44435,  44437,  44444,  44456,  44462
  44467,  44489,  44493,  44499,  44508,  44517,  44518,  44525,  44528,  44571,  44615,  44621,  44635,  44652,  44653,  44655
  44663,  44664,  44666,  44675,  44676,  44719,  44722,  44728,  44740,  44761,  44763,  44767,  44769,  44774,  44776,  44784
  44794,  44798,  44823,  44828,  44840,  44843,  44846,  44867,  44891,  44907,  44908,  44942,  44943,  44945,  44971,  44979
  44981,  44986,  44994,  45013,  45018,  45035,  45050,  45084,  45085,  45106,  45120,  45125,  45140,  45206,  45209,  45231
  45236,  45259,  45261,  45286,  45305,  45314,  45317,  45318,  45328,  45333,  45336,  45337,  45345,  45362,  45364,  45365
  45369,  45402,  45404,  45422,  45424,  45431,  45446,  45461,  45474,  45479,  45544,  45574,  45576,  45578,  45590,  45618
  45630,  45635,  45669,  45717,  45722,  45726,  45745,  45752,  45765,  45772,  45788,  45789,  45793,  45797,  45813,  45815
  45876,  45879,  45889,  45905,  45907,  45913,  45925,  45930,  45952,  45964,  45976,  45992,  45999,  46014,  46017,  46038
  46059,  46084,  46100,  46114,  46144,  46146,  46147,  46160,  46163,  46166,  46176,  46190,  46205,  46208,  46211,  46219
  46220,  46236,  46252,  46265,  46267,  46275,  46292,  46297,  46315,  46338,  46344,  46357,  46364,  46370,  46371,  46375
  46391,  46406,  46422,  46423,  46424,  46452,  46495,  46506,  46535,  46549,  46565,  46568,  46583,  46585,  46597,  46599
  46601,  46603,  46604,  46652,  46660,  46684,  46687,  46695,  46701,  46723,  46726,  46744,  46745,  46747,  46761,  46778
  46784,  46794,  46803,  46837,  46838,  46882,  46889,  46891,  46893,  46898,  46919,  46928,  46943,  46944,  46946,  46956
  46972,  46976,  46988,  47006,  47018,  47024,  47028,  47034,  47047,  47053,  47055,  47082,  47093,  47129,  47130,  47136
  47143,  47164,  47166,  47180,  47199,  47200,  47206,  47224,  47233,  47238,  47251,  47253,  47257,  47269,  47297,  47308
  47311,  47313,  47324,  47334,  47357,  47365,  47370,  47396,  47408,  47437,  47444,  47477,  47496,  47504,  47506,  47514
  47539,  47541,  47542,  47548,  47561,  47581,  47582,  47596,  47603,  47609,  47613,  47616,  47620,  47623,  47636,  47646
  47653,  47669,  47672,  47692,  47699,  47712,  47718,  47781,  47785,  47793,  47808,  47817,  47824,  47828,  47861,  47862
  47874,  47898,  47908,  47914,  47921,  47934,  47937,  47954,  47956,  47964,  47973,  47978,  47982,  47985,  48029,  48031
  48048,  48049,  48062,  48092,  48096,  48100,  48102,  48115,  48117,  48121,  48138,  48139,  48145,  48154,  48171,  48198
  48199,  48207,  48231,  48232,  48243,  48286,  48307,  48327,  48331,  48332,  48353,  48361,  48389,  48396,  48405,  48409
  48415,  48416,  48422,  48439,  48441,  48444,  48445,  48463,  48468,  48498,  48508,  48521,  48532,  48535,  48536,  48543
  48546,  48554,  48577,  48582,  48583,  48589,  48591,  48596,  48634,  48668,  48670,  48674,  48675,  48679,  48682,  48692
  48701,  48711,  48735,  48736,  48737,  48772,  48776,  48779,  48780,  48791,  48804,  48810,  48818,  48850,  48851,  48864
  48893,  48901,  48905,  48910,  48922,  48924,  48944,  48954,  48990,  48996,  48999,  49001,  49021,  49027,  49037,  49044
  49050,  49054,  49086,  49090,  49177,  49179,  49182,  49183,  49193,  49215,  49233,  49238,  49243,  49252,  49267,  49274
  49278,  49283,  49284,  49301,  49302,  49311,  49320,  49340,  49341,  49348,  49364,  49403,  49404,  49405,  49407,  49418
  49427,  49441,  49448,  49454,  49498,  49506,  49517,  49522,  49532,  49547,  49552,  49563,  49586,  49595,  49607,  49625
  49631,  49633,  49640,  49641,  49663,  49677,  49678,  49681,  49747,  49748,  49767,  49775,  49788,  49799,  49807,  49821
  49828,  49832,  49847,  49868,  49883,  49885,  49895,  49902,  49906,  49907,  49911,  49912,  49915,  49969,  49973,  49975
  50000,  50011,  50025,  50042,  50048,  50059,  50060,  50067,  50078,  50080,  50089,  50092,  50093,  50118,  50122,  50127
  50128,  50130,  50137,  50148,  50155,  50168,  50180,  50181,  50187,  50189,  50190,  50193,  50203,  50206,  50225,  50229
  50231,  50235,  50243,  50251,  50252,  50254,  50263,  50264,  50299,  50303,  50307,  50320,  50324,  50325,  50327,  50340
  50341,  50347,  50350,  50363,  50384,  50421,  50427,  50441,  50451,  50454,  50467,  50471,  50473,  50488,  50497,  50512
  50545,  50551,  50563,  50575,  50597,  50604,  50605,  50625,  50638,  50652,  50667,  50670,  50671,  50676,  50678,  50688
  50696,  50721,  50746,  50778,  50808,  50809,  50812,  50823,  50825,  50851,  50858,  50886,  50895,  50908,  50929,  50955
  50962,  50965,  50993,  51018,  51048,  51049,  51083,  51094,  51099,  51108,  51110,  51120,  51125,  51149,  51159,  51165
  51166,  51177,  51209,  51254,  51263,  51272,  51281,  51294,  51300,  51313,  51346,  51350,  51365,  51369,  51386,  51399
  51400,  51415,  51417,  51425,  51431,  51451,  51456,  51465,  51466,  51494,  51507,  51530,  51540,  51564,  51570,  51586
  51588,  51594,  51607,  51623,  51643,  51645,  51655,  51675,  51683,  51690,  51698,  51701,  51708,  51773,  51784,  51814
  51817,  51832,  51833,  51872,  51878,  51885,  51888,  51892,  51897,  51911,  51922,  51926,  51933,  51964,  51980,  51991
  52014,  52038,  52058,  52066,  52078,  52080,  52088,  52097,  52111,  52113,  52120,  52125,  52127,  52140,  52143,  52153
  52168,  52171,  52182,  52199,  52213,  52214,  52216,  52226,  52235,  52256,  52265,  52276,  52278,  52281,  52289,  52294
  52299,  52300,  52302,  52307,  52317,  52333,  52346,  52360,  52370,  52372,  52377,  52379,  52397,  52411,  52416,  52437
  52480,  52515,  52520,  52542,  52579,  52599,  52615,  52622,  52627,  52644,  52657,  52663,  52667,  52692,  52727,  52729
  52733,  52742,  52748,  52765,  52773,  52797,  52798,  52811,  52828,  52838,  52865,  52871,  52876,  52928,  52930,  52935
  52939,  52970,  52974,  52975,  52977,  52994,  52998,  53004,  53005,  53031,  53033,  53053,  53058,  53068,  53071,  53078
  53081,  53085,  53098,  53105,  53107,  53119,  53121,  53123,  53129,  53145,  53146,  53155,  53177,  53179,  53186,  53192
  53199,  53231,  53236,  53243,  53245,  53249,  53294,  53301,  53306,  53325,  53328,  53364,  53381,  53387,  53397,  53399
  53406,  53407,  53435,  53440,  53446,  53449,  53461,  53473,  53486,  53492,  53493,  53503,  53525,  53527,  53546,  53558
  53565,  53572,  53578,  53583,  53591,  53592,  53596,  53611,  53619,  53648,  53651,  53664,  53674,  53683,  53693,  53761
  53763,  53775,  53797,  53850,  53868,  53875,  53877,  53895,  53898,  53926,  53933,  53934,  53938,  53949,  53955,  53956
  53958,  53959,  53983,  53989,  54001,  54035,  54052,  54065,  54077,  54079,  54088,  54093,  54108,  54122,  54129,  54132
  54145,  54185,  54204,  54225,  54244,  54245,  54265,  54303,  54306,  54314,  54324,  54335,  54338,  54355,  54367,  54383
  54417,  54420,  54434,  54437,  54438,  54449,  54464,  54465,  54482,  54487,  54497,  54525,  54544,  54568,  54587,  54592
  54625,  54650,  54654,  54667,  54671,  54685,  54704,  54721,  54730,  54770,  54775,  54791,  54795,  54796,  54814,  54816
  54817,  54818,  54821,  54833,  54834,  54854,  54862,  54888,  54893,  54912,  54913,  54919,  54923,  54933,  54957,  54959
  54977,  55020,  55041,  55051,  55083,  55103,  55111,  55137,  55142,  55143,  55169,  55185,  55187,  55202,  55221,  55225
  55235,  55236,  55248,  55251,  55270,  55287,  55298,  55302,  55303,  55327,  55329,  55374,  55379,  55383,  55398,  55412
  55428,  55483,  55487,  55492,  55515,  55518,  55534,  55565,  55567,  55593,  55606,  55607,  55609,  55614,  55644,  55657
  55659,  55676,  55677,  55690,  55691,  55692,  55698,  55709,  55722,  55746,  55748,  55772,  55779,  55790,  55838,  55847
  55848,  55874,  55879,  55884,  55891,  55902,  55928,  55933,  55994,  56028,  56034,  56059,  56068,  56079,  56104,  56107
  56140,  56152,  56158,  56162,  56173,  56225,  56238,  56304,  56306,  56322,  56327,  56337,  56349,  56375,  56386,  56389
  56404,  56441,  56444,  56448,  56456,  56481,  56501,  56507,  56526,  56530,  56542,  56545,  56559,  56565,  56595,  56620
  56621,  56630,  56657,  56660,  56661,  56678,  56682,  56692,  56695,  56709,  56714,  56743,  56764,  56774,  56778,  56804
  56828,  56832,  56834,  56841,  56851,  56856,  56863,  56895,  56901,  56906,  56909,  56975,  56983,  56984,  57015,  57036
  57044,  57052,  57056,  57065,  57090,  57093,  57110,  57130,  57138,  57141,  57160,  57198,  57238,  57239,  57258,  57280
  57283,  57295,  57297,  57302,  57325,  57334,  57381,  57385,  57413,  57419,  57437,  57462,  57532,  57533,  57542,  57562
  57563,  57565,  57580,  57581,  57582,  57585,  57587,  57590,  57592,  57595,  57600,  57622,  57629,  57640,  57647,  57650
  57675,  57682,  57687,  57689,  57714,  57719,  57728,  57753,  57761,  57776,  57787,  57788,  57799,  57800,  57814,  57837
  57887,  57889,  57909,  57920,  57923,  57930,  57954,  57963,  58031,  58035,  58037,  58041,  58059,  58118,  58125,  58149
  58154,  58167,  58177,  58196,  58217,  58219,  58220,  58226,  58229,  58242,  58251,  58253,  58254,  58256,  58266,  58272
  58282,  58293,  58315,  58328,  58353,  58364,  58370,  58381,  58388,  58390,  58433,  58482,  58516,  58528,  58529,  58537
  58549,  58551,  58554,  58561,  58564,  58588,  58658,  58674,  58704,  58713,  58729,  58730,  58767,  58772,  58780,  58781
  58797,  58811,  58818,  58844,  58848,  58857,  58861,  58864,  58884,  58888,  58904,  58912,  58930,  58957,  58982,  59007
  59018,  59035,  59040,  59041,  59043,  59049,  59050,  59057,  59097,  59109,  59116,  59132,  59156,  59167,  59201,  59210
  59216,  59220,  59255,  59266,  59289,  59290,  59294,  59299,  59309,  59324,  59341,  59406,  59410,  59424,  59442,  59445
  59455,  59502,  59519,  59530,  59536,  59537,  59576,  59578,  59584,  59587,  59590,  59619,  59622,  59624,  59641,  59696
  59711,  59715,  59755,  59774,  59829,  59834,  59835,  59854,  59863,  59864,  59882,  59889,  59905,  59908,  59934,  59966
  59967,  59973,  60014,  60046,  60072,  60079,  60095,  60101,  60113,  60116,  60117,  60119,  60138,  60151,  60157,  60174
  60220,  60224,  60226,  60280,  60292,  60304,  60310,  60312,  60343,  60389,  60391,  60397,  60403,  60406,  60408,  60432
  60440,  60453,  60454,  60456,  60460,  60476,  60487,  60510,  60512,  60528,  60532,  60561,  60572,  60580,  60584,  60595
  60607,  60610,  60628,  60654,  60681,  60685,  60702,  60714,  60768,  60771,  60792,  60797,  60807,  60808,  60820,  60824
  60830,  60848,  60866,  60868,  60893,  60912,  60915,  60916,  60917,  60924,  60944,  60952,  60960,  60965,  60986,  60994
  60999,  61000,  61008,  61021,  61064,  61065,  61073,  61075,  61121,  61131,  61138,  61158,  61236,  61244,  61248,  61259
  61282,  61291,  61333,  61346,  61348,  61360,  61361,  61369,  61381,  61393,  61428,  61435,  61453,  61472,  61483,  61484
  61495,  61519,  61521,  61570,  61585,  61586,  61610,  61620,  61661,  61667,  61706,  61724,  61750,  61767,  61768,  61772
  61776,  61783,  61795,  61811,  61815,  61825,  61890,  61906,  61911,  61925,  61939,  61972,  61974,  61981,  61988,  61993
  61997,  62004,  62011,  62012,  62015,  62022,  62050,  62051,  62056,  62079,  62087,  62090,  62115,  62116,  62128,  62132
  62141,  62158,  62169,  62173,  62175,  62183,  62204,  62212,  62218,  62243,  62255,  62273,  62289,  62306,  62316,  62353
  62366,  62367,  62378,  62380,  62386,  62391,  62393,  62396,  62412,  62496,  62515,  62544,  62557,  62560,  62561,  62586
  62592,  62593,  62603,  62621,  62643,  62681,  62689,  62700,  62735,  62739,  62766,  62781,  62783,  62784,  62785,  62820
  62821,  62823,  62867,  62876,  62905,  62943,  62944,  62954,  62957,  62958,  62969,  62974,  62980,  62997,  63001,  63007
  63017,  63018,  63021,  63038,  63049,  63059,  63086,  63089,  63125,  63152,  63165,  63171,  63187,  63192,  63221,  63244
  63277,  63285,  63298,  63308,  63313,  63328,  63336,  63340,  63378,  63389,  63410,  63412,  63413,  63420,  63426,  63428
  63479,  63483,  63507,  63508,  63513,  63528,  63542,  63551,  63556,  63563,  63580,  63585,  63595,  63602,  63620,  63622
  63625,  63639,  63656,  63660,  63671,  63694,  63695,  63711,  63715,  63718,  63730,  63733,  63740,  63807,  63852,  63853
  63895,  63906,  63918,  63946,  63952,  64011,  64014,  64032,  64053,  64096,  64118,  64136,  64168,  64171,  64179,  64227
  64254,  64261,  64268,  64269,  64275,  64303,  64363,  64376,  64382,  64411,  64413,  64446,  64483,  64504,  64518,  64563
  64565,  64566,  64588,  64594,  64604,  64609,  64640,  64647,  64668,  64684,  64735,  64784,  64796,  64831,  64867,  64879
  64880,  64889,  64893,  64897,  64908,  64938,  64939,  64966,  64992,  64996,  65022,  65047,  65082,  65101,  65105,  65130
  65136,  65142,  65156,  65174,  65213,  65223,  65238,  65266,  65272,  65285,  65321,  65330,  65334,  65337,  65362,  65398
  65400,  65458,  65479,  65494,  65517,  65524,  65527,  65560,  65578,  65583,  65613,  65622,  65637,  65654,  65674,  65683
  65684,  65687,  65701,  65712,  65717,  65728,  65729,  65742,  65747,  65782,  65791,  65847,  65848,  65912,  65923,  65930
  65938,  65945,  65972,  65987,  65997,  66022,  66025,  66040,  66057,  66099,  66101,  66126,  66150,  66158,  66163,  66179
  66210,  66212,  66217,  66235,  66260,  66289,  66309,  66343,  66345,  66352,  66372,  66382,  66388,  66407,  66428,  66445
  66447,  66459,  66466,  66472,  66498,  66522,  66526,  66543,  66582,  66598,  66604,  66632,  66635,  66639,  66649,  66652
  66670,  66697,  66708,  66713,  66718,  66735,  66749,  66754,  66786,  66797,  66816,  66821,  66822,  66827,  66858,  66859
  66887,  66889,  66896,  66902,  66922,  66950,  67002,  67014,  67024,  67034,  67083,  67089,  67091,  67092,  67121,  67132
  67174,  67186,  67206,  67232,  67234,  67254,  67260,  67271,  67282,  67288,  67291,  67296,  67307,  67319,  67332,  67346
  67361,  67369,  67375,  67420,  67440,  67450,  67462,  67474,  67487,  67519,  67520,  67526,  67529,  67556,  67565,  67593
  67596,  67625,  67642,  67672,  67677,  67686,  67687,  67690,  67699,  67705,  67723,  67757,  67777,  67791,  67825,  67869
  67892,  67912,  67919,  67930,  67946,  67954,  67955,  67982,  68014,  68026,  68027,  68054,  68068,  68093,  68098,  68099
  68126,  68129,  68130,  68134,  68156,  68206,  68210,  68234,  68262,  68263,  68284,  68290,  68318,  68344,  68358,  68361
  68387,  68396,  68405,  68412,  68443,  68487,  68490,  68548,  68572,  68577,  68597,  68601,  68612,  68613,  68648,  68669
  68676,  68687,  68695,  68730,  68731,  68732,  68745,  68760,  68778,  68794,  68804,  68812,  68813,  68823,  68844,  68855
  68870,  68879,  68880,  68893,  68895,  68898,  68905,  68924,  68962,  68969,  68973,  68999,  69017,  69018,  69061,  69072
  69073,  69079,  69083,  69105,  69130,  69164,  69171,  69190,  69200,  69219,  69228,  69270,  69291,  69349,  69350,  69354
  69356,  69371,  69375,  69406,  69431,  69439,  69443,  69452,  69473,  69488,  69495,  69512,  69554,  69588,  69597,  69613
  69616,  69644,  69666,  69688,  69713,  69724,  69741,  69747,  69766,  69779,  69782,  69789,  69790,  69792,  69798,  69817
  69821,  69828,  69872,  69885,  69897,  69902,  69931,  69936,  69938,  69940,  69952,  69996,  70069,  70081,  70091,  70123
  70125,  70145,  70156,  70192,  70220,  70226,  70230,  70231,  70247,  70257,  70273,  70276,  70290,  70296,  70315,  70324
  70331,  70335,  70346,  70375,  70392,  70400,  70404,  70418,  70419,  70420,  70455,  70460,  70472,  70474,  70478,  70535
  70547,  70556,  70559,  70577,  70594,  70603,  70612,  70651,  70660,  70665,  70681,  70692,  70719,  70724,  70728,  70763
  70767,  70788,  70795,  70828,  70829,  70846,  70881,  70906,  70910,  70923,  70960,  70980,  71006,  71039,  71042,  71049
  71050,  71055,  71057,  71092,  71103,  71124,  71132,  71137,  71156,  71164,  71175,  71180,  71182,  71186,  71210,  71245
  71258,  71289,  71297,  71311,  71330,  71336,  71348,  71355,  71361,  71365,  71379,  71382,  71409,  71412,  71418,  71419
  71433,  71454,  71455,  71462,  71475,  71499,  71534,  71535,  71543,  71575,  71600,  71601,  71622,  71628,  71634,  71654
  71657,  71698,  71734,  71746,  71747,  71761,  71814,  71820,  71830,  71837,  71840,  71874,  71901,  71906,  71912,  71914
  71923,  71928,  71935,  71938,  71958,  71978,  71996,  71998,  72025,  72039,  72043,  72055,  72059,  72065,  72070,  72089
  72106,  72113,  72122,  72156,  72157,  72217,  72232,  72245,  72261,  72277,  72288,  72327,  72336,  72341,  72347,  72352
  72353,  72396,  72410,  72414,  72453,  72461,  72464,  72478,  72489,  72497,  72500,  72525,  72540,  72546,  72560,  72579
  72586,  72602,  72617,  72623,  72630,  72638,  72656,  72661,  72673,  72707,  72713,  72719,  72722,  72738,  72747,  72768
  72779,  72835,  72838,  72845,  72850,  72852,  72869,  72874,  72882,  72888,  72896,  72912,  72918,  72924,  72926,  72938
  72948,  72951,  73055,  73057,  73061,  73071,  73076,  73084,  73118,  73123,  73129,  73133,  73156,  73167,  73172,  73177
  73182,  73191,  73193,  73207,  73208,  73209,  73218,  73232,  73234,  73263,  73313,  73328,  73366,  73411,  73416,  73449
  73456,  73481,  73497,  73508,  73519,  73536,  73609,  73625,  73638,  73641,  73685,  73688,  73718,  73748,  73772,  73774
  73777,  73801,  73802,  73822,  73828,  73836,  73846,  73851,  73856,  73881,  73888,  73889,  73903,  73954,  73963,  73971
  73980,  74014,  74015,  74017,  74033,  74042,  74046,  74065,  74068,  74111,  74114,  74116,  74132,  74142,  74147,  74148
  74152,  74165,  74173,  74178,  74202,  74207,  74215,  74239,  74296,  74300,  74305,  74319,  74321,  74322,  74337,  74345
  74371,  74374,  74412,  74425,  74433,  74464,  74472,  74480,  74497,  74524,  74550,  74552,  74591,  74602,  74606,  74612
  74630,  74645,  74651,  74675,  74718,  74727,  74778,  74789,  74794,  74820,  74823,  74881,  74884,  74885,  74890,  74909
  74926,  74929,  74931,  74952,  74957,  74968,  74990,  75016,  75034,  75038,  75059,  75077,  75090,  75111,  75124,  75126
  75130,  75131,  75147,  75181,  75192,  75195,  75199,  75232,  75245,  75275,  75278,  75282,  75288,  75323,  75330,  75334
  75363,  75366,  75385,  75389,  75393,  75395,  75397,  75420,  75449,  75450,  75521,  75532,  75533,  75549,  75550,  75558
  75566,  75616,  75676,  75689,  75692,  75710,  75736,  75755,  75760,  75789,  75803,  75818,  75827,  75856,  75866,  75876
  75878,  75884,  75892,  75946,  75966,  75977,  75979,  75993,  75997,  76006,  76021,  76031,  76037,  76086,  76131,  76145
  76164,  76183,  76207,  76225,  76226,  76243,  76256,  76287,  76307,  76324,  76349,  76369,  76387,  76388,  76396,  76406
  76409,  76419,  76424,  76433,  76441,  76459,  76466,  76485,  76500,  76510,  76517,  76539,  76555,  76560,  76563,  76584
  76604,  76606,  76610,  76613,  76633,  76646,  76664,  76668,  76673,  76681,  76687,  76721,  76732,  76743,  76758,  76775
  76785,  76798,  76802,  76815,  76823,  76839,  76849,  76850,  76870,  76872,  76886,  76897,  76898,  76899,  76920,  76922
  76926,  76927,  76931,  76966,  76974,  77021,  77029,  77039,  77059,  77065,  77069,  77076,  77077,  77093,  77109,  77111
  77131,  77136,  77141,  77149,  77153,  77164,  77170,  77177,  77185,  77205,  77234,  77235,  77268,  77273,  77288,  77295
  77305,  77308,  77316,  77333,  77392,  77416,  77422,  77453,  77456,  77482,  77495,  77500,  77516,  77527,  77531,  77577
  77586,  77614,  77647,  77667,  77681,  77685,  77719,  77725,  77741,  77745,  77752,  77761,  77769,  77774,  77778,  77803
  77821,  77825,  77883,  77885,  77886,  77927,  77976,  77994,  78027,  78037,  78057,  78061,  78068,  78071,  78104,  78117
  78128,  78131,  78162,  78175,  78196,  78218,  78230,  78231,  78239,  78252,  78288,  78290,  78293,  78302,  78303,  78339
  78372,  78378,  78381,  78383,  78385,  78389,  78390,  78411,  78447,  78466,  78470,  78502,  78516,  78526,  78548,  78581
  78583,  78592,  78613,  78629,  78642,  78682,  78690,  78703,  78726,  78739,  78755,  78761,  78769,  78795,  78797,  78805
  78811,  78837,  78847,  78853,  78866,  78877,  78893,  78900,  78906,  78912,  78914,  78919,  78925,  78965,  78989,  78991
  79002,  79028,  79058,  79061,  79074,  79095,  79117,  79146,  79157,  79168,  79217,  79224,  79238,  79243,  79261,  79267
  79370,  79375,  79382,  79383,  79388,  79394,  79399,  79407,  79411,  79414,  79426,  79442,  79469,  79494,  79501,  79505
  79512,  79543,  79552,  79560,  79581,  79609,  79616,  79631,  79647,  79656,  79658,  79667,  79677,  79691,  79710,  79730
  79744,  79757,  79770,  79777,  79780,  79786,  79813,  79823,  79831,  79855,  79871,  79893,  79895,  79916,  79920,  79942
  79946,  79952,  80007,  80008,  80018,  80019,  80020,  80024,  80047,  80084,  80090,  80098,  80105,  80137,  80186,  80188
  80194,  80206,  80216,  80244,  80264,  80291,  80329,  80330,  80335,  80367,  80370,  80381,  80385,  80411,  80418,  80442
  80448,  80461,  80469,  80479,  80533,  80549,  80579,  80595,  80601,  80603,  80606,  80622,  80632,  80643,  80646,  80661
  80667,  80676,  80695,  80714,  80731,  80742,  80747,  80748,  80752,  80756,  80762,  80776,  80790,  80804,  80823,  80853
  80856,  80882,  80901,  80917,  80929,  80943,  80951,  80984,  81008,  81011,  81027,  81059,  81065,  81104,  81109,  81134
  81151,  81156,  81238,  81240,  81243,  81285,  81295,  81311,  81321,  81330,  81394,  81403,  81414,  81438,  81450,  81452
  81458,  81481,  81485,  81487,  81494,  81498,  81524,  81558,  81592,  81649,  81654,  81662,  81678,  81682,  81692,  81701
  81709,  81719,  81739,  81757,  81761,  81763,  81786,  81798,  81799,  81802,  81833,  81834,  81835,  81838,  81859,  81860
  81886,  81888,  81897,  81912,  81922,  81929,  81946,  81972,  81982,  81988,  81991,  82006,  82062,  82069,  82071,  82080
  82084,  82095,  82107,  82115,  82137,  82141,  82153,  82159,  82162,  82185,  82208,  82214,  82253,  82257,  82259,  82300
  82318,  82329,  82334,  82341,  82354,  82362,  82370,  82373,  82417,  82439,  82462,  82483,  82538,  82539,  82562,  82565
  82572,  82573,  82577,  82600,  82602,  82616,  82622,  82634,  82637,  82638,  82694,  82771,  82787,  82804,  82810,  82822
  82826,  82894,  82901,  82915,  82979,  83031,  83083,  83087,  83092,  83094,  83095,  83147,  83151,  83202,  83214,  83225
  83228,  83257,  83263,  83288,  83296,  83323,  83327,  83339,  83359,  83372,  83391,  83392,  83453,  83501,  83506,  83516
  83540,  83547,  83558,  83570,  83595,  83604,  83609,  83632,  83637,  83665,  83693,  83702,  83706,  83710,  83712,  83718
  83750,  83792,  83799,  83803,  83825,  83864,  83904,  83907,  83912,  83923,  83931,  83976,  84011,  84024,  84029,  84037
  84064,  84071,  84078,  84081,  84091,  84101,  84111,  84112,  84142,  84156,  84169,  84174,  84176,  84184,  84203,  84228
  84237,  84242,  84247,  84248,  84285,  84311,  84315,  84319,  84320,  84340,  84341,  84346,  84365,  84377,  84404,  84412
  84416,  84427,  84456,  84459,  84464,  84492,  84496,  84512,  84532,  84541,  84544,  84566,  84568,  84584,  84594,  84596
  84624,  84626,  84633,  84646,  84660,  84667,  84674,  84705,  84709,  84720,  84740,  84761,  84773,  84803,  84816,  84831
  84849,  84851,  84862,  84866,  84885,  84888,  84898,  84937,  84946,  84963,  84967,  84988,  85040,  85047,  85063,  85080
  85081,  85111,  85116,  85133,  85136,  85142,  85168,  85196,  85212,  85215,  85220,  85225,  85239,  85246,  85253,  85258
  85262,  85307,  85334,  85376,  85396,  85408,  85436,  85458,  85514,  85541,  85584,  85621,  85626,  85629,  85630,  85636
  85660,  85677,  85717,  85730,  85736,  85768,  85801,  85813,  85816,  85837,  85841,  85864,  85895,  85905,  85914,  85943
  85952,  85953,  85974,  85976,  86086,  86102,  86107,  86114,  86134,  86150,  86193,  86207,  86217,  86258,  86266,  86272
  86277,  86337,  86352,  86366,  86422,  86440,  86446,  86476,  86530,  86536,  86541,  86548,  86573,  86593,  86611,  86632
  86650,  86692,  86696,  86741,  86751,  86762,  86777,  86793,  86799,  86811,  86815,  86896,  86897,  86950,  86952,  87008
  87023,  87044,  87047,  87049,  87071,  87082,  87123,  87147,  87155,  87160,  87169,  87172,  87212,  87221,  87270,  87294
  87301,  87302,  87399,  87430,  87444,  87464,  87476,  87495,  87511,  87553,  87578,  87584,  87593,  87655,  87658,  87678
  87693,  87720,  87734,  87757,  87763,  87794,  87801,  87823,  87918,  87921,  87923,  88015,  88033,  88042,  88048,  88067
  88099,  88124,  88145,  88154,  88155,  88168,  88177,  88200,  88215,  88217,  88225,  88234,  88242,  88260,  88269,  88316
  88344,  88347,  88350,  88353,  88356,  88360,  88376,  88402,  88417,  88421,  88425,  88428,  88429,  88439,  88459,  88474
  88493,  88505,  88523,  88534,  88540,  88551,  88560,  88607,  88633,  88644,  88646,  88647,  88655,  88674,  88691,  88694
  88712,  88717,  88727,  88739,  88776,  88827,  88832,  88870,  88874,  88894,  88910,  88920,  88930,  88932,  88966,  88975
  89016,  89024,  89051,  89057,  89068,  89095,  89120,  89149,  89170,  89193,  89235,  89245,  89259,  89295,  89312,  89343
  89356,  89381,  89400,  89419,  89424,  89485,  89490,  89538,  89559,  89572,  89596,  89602,  89623,  89653,  89654,  89656
  89668,  89696,  89697,  89731,  89752,  89781,  89801,  89805,  89813,  89831,  89857,  89898,  89909,  89931,  89984,  90005
  90021,  90032,  90074,  90094,  90111,  90130,  90131,  90148,  90169,  90205,  90210,  90220,  90229,  90304,  90314,  90317
  90331,  90333,  90345,  90366,  90397,  90442,  90443,  90452,  90466,  90517,  90519,  90522,  90543,  90564,  90575,  90581
  90588,  90589,  90634,  90642,  90662,  90708,  90720,  90722,  90729,  90777,  90780,  90787,  90808,  90813,  90876,  90890
  90911,  90945,  90946,  90959,  90985,  91000,  91007,  91017,  91029,  91041,  91050,  91061,  91072,  91078,  91113,  91143
  91145,  91171,  91182,  91200,  91226,  91233,  91237,  91317,  91319,  91331,  91337,  91341,  91355,  91361,  91364,  91372
  91390,  91394,  91404,  91411,  91456,  91466,  91472,  91483,  91517,  91561,  91594,  91632,  91657,  91677,  91688,  91730
  91762,  91769,  91824,  91828,  91877,  91884,  91891,  91922,  91952,  91971,  91985,  92000,  92011,  92023,  92028,  92032
  92039,  92054,  92058,  92076,  92097,  92112,  92133,  92162,  92164,  92288,  92308,  92316,  92323,  92350,  92375,  92408
  92410,  92415,  92465,  92475,  92480,  92512,  92521,  92525,  92545,  92583,  92665,  92676,  92701,  92707,  92709,  92721
  92750,  92760,  92790,  92815,  92821,  92829,  92835,  92859,  92896,  92929,  93024,  93028,  93083,  93093,  93101,  93128
  93178,  93192,  93202,  93204,  93224,  93252,  93269,  93279,  93335,  93342,  93354,  93363,  93364,  93368,  93389,  93433
  93489,  93533,  93545,  93583,  93592,  93603,  93634,  93639,  93645,  93651,  93672,  93677,  93678,  93690,  93704,  93718
  93722,  93725,  93726,  93736,  93751,  93762,  93784,  93785,  93821,  93832,  93833,  93838,  93840,  93843,  93852,  93860
  93862,  93864,  93885,  93898,  93905,  93944,  93948,  93988,  93993,  94040,  94043,  94057,  94103,  94112,  94126,  94129
  94147,  94177,  94204,  94213,  94324,  94333,  94345,  94395,  94404,  94413,  94425,  94448,  94477,  94481,  94495,  94587
  94596,  94618,  94631,  94642,  94649,  94659,  94667,  94759,  94810,  94817,  94825,  94866,  94872,  94892,  94896,  94901
  94908,  94938,  94964,  94974,  94996,  95017,  95022,  95039,  95046,  95050,  95058,  95098,  95102,  95117,  95118,  95135
  95141,  95151,  95166,  95179,  95195,  95201,  95202,  95204,  95219,  95248,  95277,  95289,  95298,  95324,  95331,  95336
  95342,  95356,  95362,  95454,  95457,  95467,  95483,  95508,  95556,  95593,  95659,  95674,  95716,  95720,  95728,  95761
  95807,  95857,  95904,  96000,  96019,  96045,  96046,  96063,  96068,  96079,  96094,  96106,  96123,  96126,  96148,  96177
  96187,  96205,  96211,  96219,  96265,  96327,  96335,  96394,  96417,  96437,  96451,  96489,  96502,  96587,  96607,  96614
  96626,  96636,  96649,  96672,  96678,  96690,  96721,  96757,  96786,  96802,  96817,  96823,  96840,  96852,  96950,  96997
  97002,  97027,  97034,  97038,  97106,  97143,  97144,  97148,  97183,  97295,  97321,  97322,  97329,  97337,  97379,  97381
  97396,  97400,  97411,  97419,  97454,  97468,  97491,  97512,  97527,  97566,  97591,  97605,  97606,  97635,  97640,  97658
  97661,  97665,  97721,  97723,  97846,  97855,  97877,  97889,  97916,  97939,  98030,  98042,  98056,  98071,  98083,  98091
  98100,  98114,  98149,  98199,  98218,  98256,  98263,  98270,  98294,  98305,  98318,  98326,  98331,  98354,  98364,  98389
  98393,  98411,  98423,  98427,  98443,  98454,  98466,  98484,  98494,  98523,  98588,  98599,  98600,  98603,  98605,  98631
  98645,  98689,  98691,  98699,  98719,  98741,  98752,  98769,  98775,  98780,  98809,  98827,  98832,  98851,  98856,  98863
  98878,  98890,  98951,  99003,  99005,  99053,  99061,  99067,  99081,  99141,  99195,  99210,  99219,  99240,  99261,  99289
  99297,  99317,  99325,  99332,  99341,  99356,  99373,  99385,  99403,  99411,  99423,  99429,  99533,  99602,  99622,  99633
  99634,  99640,  99671,  99686,  99705,  99749,  99761,  99781,  99809,  99851,  99893, 100037, 100047, 100079, 100154, 100200
 100224, 100236, 100249, 100252, 100261, 100268, 100298, 100302, 100311, 100343, 100386, 100396, 100397, 100409, 100412, 100421
 100544, 100550, 100566, 100630, 100632, 100657, 100700, 100714, 100721, 100736, 100758, 100784, 100791, 100803, 100810, 100813
 100816, 100857, 100859, 100871, 100889, 100900, 100934, 100979, 100989, 101014, 101045, 101055, 101085, 101104, 101115, 101179
 101186, 101195, 101197, 101200, 101204, 101215, 101236, 101252, 101272, 101292, 101302, 101321, 101324, 101333, 101359, 101367
 101373, 101376, 101397, 101399, 101415, 101427, 101489, 101514, 101517, 101583, 101633, 101644, 101649, 101655, 101664, 101671
 101693, 101716, 101756, 101762, 101775, 101784, 101823, 101855, 101894, 101936, 101938, 101940, 102013, 102062, 102088, 102126
 102167, 102228, 102248, 102281, 102305, 102315, 102318, 102379, 102457, 102458, 102487, 102521, 102524, 102527, 102544, 102574
 102581, 102590, 102623, 102627, 102657, 102668, 102699, 102712, 102722, 102750, 102800, 102846, 102927, 102938, 102973, 102977
 102995, 103014, 103068, 103088, 103161, 103175, 103239, 103297, 103341, 103366, 103400, 103447, 103449, 103451, 103482, 103501
 103554, 103564, 103581, 103587, 103589, 103603, 103614, 103685, 103696, 103724, 103725, 103763, 103775, 103792, 103812, 103829
 103897, 103920, 103960, 104002, 104003, 104040, 104049, 104061, 104074, 104077, 104169, 104209, 104242, 104294, 104301, 104305
 104320, 104339, 104344, 104345, 104349, 104393, 104452, 104468, 104474, 104489, 104490, 104517, 104563, 104580, 104593, 104608
 104632, 104637, 104640, 104660, 104674, 104689, 104693, 104698, 104702, 104713, 104721, 104727, 104752, 104753, 104769, 104797
 104809, 104824, 104834, 104844, 104847, 104879, 104896, 104935, 104939, 104948, 104970, 104990, 104997, 105007, 105020, 105040
 105058, 105072, 105094, 105095, 105096, 105103, 105111, 105113, 105136, 105191, 105216, 105224, 105254, 105275, 105296, 105309
 105319, 105338, 105377, 105451, 105465, 105468, 105471, 105527, 105545, 105561, 105571, 105614, 105741, 105767, 105784, 105838
 105875, 105903, 105943, 105952, 105987, 105995, 106026, 106175, 106187, 106188, 106202, 106255, 106344, 106388, 106409, 106520
 106552, 106625, 106627, 106629, 106700, 106729, 106939, 106975, 107020, 107059, 107086, 107145, 107151, 107164, 107258, 107282
 107352, 107376, 107401, 107490, 107527, 107642, 107719, 107783, 107854, 107856, 107858, 107881, 107900, 108097, 108155, 108189
 108201, 108280, 108282, 108294, 108394, 108459, 108519, 108551, 108716, 108729, 108803, 108836, 108935, 108941, 109074, 109202
 109237, 109263, 109312, 109324, 109348, 109422, 109483, 109595, 109626, 109668, 109678, 109720, 109757, 109806, 109851, 109907
 109949, 109951, 109955, 109972, 109996, 110172, 110188, 110193, 110262, 110301, 110363, 110388, 110609, 110629, 110656, 110682
 110733, 110773, 110803, 110813, 110824, 110852, 110922, 110932, 110973, 111015, 111057, 111070, 111111, 111225, 111239, 111242
 111309, 111383, 111484, 111522, 111574, 111586, 111842, 111945, 111991, 112010, 112147, 112168, 112235, 112256, 112270, 112411
 112427, 112519, 112561, 112585, 112621, 112847, 112893, 113065, 113084, 113087, 113171, 113199, 113202, 113295, 113330, 113429
 113555, 113566, 113604, 113637, 113741, 113824, 113868, 114005, 114040, 114077, 114129, 114140, 114230, 114327, 114389, 114408
 114556, 114574, 114629, 114665, 114666, 114686, 114802, 114806, 114829, 114844, 114920, 114925, 114972, 115095, 115120, 115144
 115226, 115288, 115483, 115695, 115735, 115804, 115844, 115964, 116015, 116052, 116131, 116184, 116312, 116415, 116428, 116430
 116482, 116576, 116620, 116805, 116816, 116942, 117001, 117067, 117120, 117186, 117204, 117412, 117471, 117514, 117659, 117721
 117774, 117897, 118001, 118102, 118135, 118136, 118211, 118230, 118236, 118311, 118350, 118390, 118392, 118401, 118445, 118602
 118681, 118737, 118815, 119123, 119185, 119215, 119316, 119369, 119375, 119537, 119546, 119548, 119561, 119700, 119794, 119894
 119899, 119907, 119961, 120049, 120051, 120103, 120111, 120322, 120561, 120606, 120644, 120646, 120933, 120978, 121041, 121042
 121086, 121186, 121256, 121257, 121389, 121456, 121505, 121528, 121531, 121560, 121618, 121743, 121882, 121925, 121932, 122016
 122090, 122173, 122248, 122288, 122422, 122426, 122482, 122497, 122682, 122805, 122992, 123116, 123359, 123376, 123471, 123595
 123786, 123802, 124105, 124122, 124142, 124150, 124170, 124295, 124318, 124356, 124486, 124495, 124496, 124518, 124662, 124729
 124752, 124760, 124888, 124991, 125075, 125155, 125253, 125344, 125417, 125442, 125699, 125757, 125803, 125892, 126514, 126602
 126706, 126820, 126893, 126905, 127496, 127502, 127563, 127590, 127617, 127903, 127932, 127937, 128338, 128407, 128442, 128474
 128493, 128612, 128636, 128686, 128756, 128912, 128915, 129036, 129104, 129223, 129282, 129414, 129639, 129723, 129792, 129936
 130179, 130205, 130250, 130472, 130580, 130636, 130733, 130757, 130763, 130792, 130865, 130895, 130965, 131107, 131192, 131203
 131240, 131463, 131560, 131870, 131897, 132049, 132051, 132120, 132165, 132608, 132794, 132858, 133127, 133500, 133638, 133680
 133701, 133706, 133721, 133948, 134315, 134386, 134410, 134496, 134769, 134781, 134783, 134912, 134943, 134985, 135078, 135079
 135122, 135196, 135350, 135389, 135593, 135842, 136417, 136528, 136664, 136682, 136768, 136826, 136841, 136941, 137304, 137456
 137605, 137795, 137946, 138299, 138501, 138605, 138625, 138664, 139381, 139546, 139909, 139988, 140007, 140090, 140274, 140280
 140289, 140682, 140785, 140956, 141175, 141381, 141516, 141982, 142146, 142344, 142394, 142452, 142487, 142556, 142758, 142954
 143147, 143160, 143185, 143445, 143498, 143528, 143688, 143894, 144122, 144129, 144144, 144175, 144276, 144373, 144402, 144509
 144741, 144845, 144898, 145040, 145151, 145196, 145209, 145268, 145561, 145588, 145681, 145794, 145871, 145885, 146063, 146081
 146270, 146313, 146542, 146600, 146605, 146699, 146773, 146839, 146861, 146924, 146939, 146945, 146994, 147033, 147043, 147081
 147102, 147118, 147243, 147351, 147460, 147479, 147522, 147572, 147574, 147605, 147667, 147725, 147726, 147772, 147882, 147931
 147949, 147972, 148008, 148060, 148093, 148519, 148651, 148700, 149050, 149117, 149172, 149654, 149663, 149780, 149874, 149907
 149939, 150010, 150106, 150120, 150171, 150529, 150722, 150758, 150762, 150769, 150879, 150883, 150893, 151536, 151594, 151839
 151841, 151879, 151901, 151948, 152080, 152407, 152484, 152543, 152624, 152844, 153056, 153162, 153164, 153395, 153420, 153488
 153666, 153687, 153816, 153872, 154094, 154465, 154593, 154611, 154641, 154836, 155172, 155193, 155251, 155260, 155367, 155467
 156098, 156130, 156151, 156223, 156356, 156384, 156385, 156473, 156596, 156704, 157021, 157221, 157290, 157570, 157628, 157638
 157639, 157667, 157757, 158126, 158173, 158547, 158795, 158865, 159028, 159367, 159448, 159555, 159648, 160132, 160288, 160387
 160440, 160486, 160502, 160546, 160652, 160996, 161011, 161036, 161141, 161389, 161518, 161739, 161767, 161804, 162135, 162215
 162390, 162478, 162841, 162985, 163189, 163451, 163481, 163486, 163517, 163694, 163735, 163992, 164071, 164169, 164179, 164532
 164712, 164747, 164862, 164948, 165284, 165387, 165399, 165975, 166179, 166350, 166943, 166978, 167194, 167231, 167517, 167615
 167661, 167816, 168198, 168272, 168580, 168781, 168893, 168913, 169006, 169065, 169273, 169481, 169519, 169640, 169816, 169948
 170085, 170112, 170117, 170188, 170774, 170829, 170858, 171004, 171042, 171130, 171256, 171753, 171802, 172247, 172345, 172499
 172616, 172938, 172940, 173060, 173228, 173360, 173668, 173846, 174089, 174418, 174706, 174740, 174962, 175074, 175186, 175366
 175440, 176055, 176198, 176307, 176319, 176497, 176920, 176933, 176956, 176962, 176999, 177214, 177494, 177709, 177957, 178061
 178167, 178289, 178442, 179109, 179156, 179227, 179264, 179709, 179715, 179735, 180611, 180839, 181079, 181204, 181398, 181648
 181886, 181914, 182003, 182049, 182291, 182412, 182676, 182874, 183514, 184051, 184085, 184089, 184281, 184477, 184481, 184697
 184830, 184937, 185093, 185196, 185391, 185639, 185717, 186007, 186467, 186572, 186772, 186966, 187149, 187201, 187418, 187989
 188308, 188418, 188430, 189038, 189334, 189448, 189639, 189996, 190054, 190592, 190719, 191218, 191409, 191553, 192128, 192584
 193584, 194008, 194092, 194330, 194335, 194400, 194474, 194501, 194538, 194729, 195035, 195556, 195844, 195922, 195946, 196418
 196534, 196998, 197236, 197337, 197481, 197548, 198722, 198760, 198897, 199426, 199578, 199878, 200141, 200428, 200478, 200905
 201026, 201293, 201432, 202189, 202722, 203484, 203533, 203859, 203908, 204131, 204488, 204687, 204760, 204822, 204918, 204926
 205367, 205485, 206271, 207113, 207435, 207465, 207852, 207961, 208250, 208527, 209925, 210608, 210977, 211370, 211868, 212031
 212322, 212489, 212524, 212576, 212813, 212879, 213538, 213710, 214586, 214742, 214757, 214916, 215447, 215884, 215886, 216279
 216291, 216480, 216544, 217281, 217575, 217624, 217710, 217816, 217834, 218114, 218290, 218428, 218992, 219315, 219318, 219716
 220276, 220676, 220883, 221491, 221577, 221653, 225149, 225189, 225768, 226294, 227195, 227300, 227927, 228431, 228455, 228988
 229149, 229958, 229987, 230184, 230415, 230916, 231195, 231920, 231987, 232867, 233142, 233219, 233249, 233560, 233577, 233584
 233629, 234307, 235379, 235558, 235798, 235858, 235999, 237393, 237911, 238500, 239399, 239730, 239835, 240017, 240535, 240834
 241299, 241653, 241948, 242105, 242132, 242318, 242507, 243018, 244286, 245497, 246286, 246341, 247090, 247302, 247594, 247769
 247998, 248062, 248418, 248676, 248923, 248984, 248990, 248998, 249051, 249581, 249664, 249715, 249999, 250334, 250504, 250553
 250557, 250650, 250679, 250726, 250730, 250773, 250779, 250795, 250811, 250848, 250881, 250941, 250967, 251059, 251173, 251267
 251499, 251541, 251565, 251574, 251602, 251622, 251691, 251703, 251707, 251728, 251780, 251868, 251878, 251912, 251914, 251993
 252036, 252111, 252167, 252293, 252297, 252302, 252312, 252313, 252397, 252415, 252417, 252426, 252443, 252480, 252490, 252494
 252558, 252592, 252680, 252686,0,0,0,0,0,0,0,0,0,0,0,0