      6,     11,     31,     54,     65,     79,     87,    110,    120,    132,    138,    142,    165,    168,    181,    187
    193,    213,    220,    222,    228,    248,    260,    279,    305,    323,    326,    336,    347,    349,    360,    362
    378,    386,    387,    433,    473,    475,    487,    490,    491,    508,    528,    538,    542,    551,    577,    579
    580,    593,    596,    604,    615,    624,    625,    635,    636,    642,    653,    673,    684,    692,    705,    708
    709,    723,    745,    753,    754,    769,    776,    785,    796,    805,    807,    821,    824,    839,    840,    849
    850,    851,    857,    866,    878,    893,    909,    911,    936,    940,    999,   1005,   1026,   1035,   1040,   1045
   1051,   1052,   1056,   1066,   1070,   1103,   1108,   1109,   1116,   1124,   1140,   1144,   1166,   1174,   1181,   1187
   1196,   1197,   1200,   1205,   1212,   1220,   1244,   1246,   1253,   1256,   1285,   1292,   1296,   1309,   1315,   1368
   1377,   1380,   1396,   1408,   1454,   1459,   1476,   1478,   1484,   1492,   1524,   1539,   1575,   1588,   1605,   1614
   1615,   1632,   1652,   1676,   1687,   1692,   1703,   1710,   1711,   1716,   1722,   1732,   1733,   1737,   1739,   1747
   1779,   1805,   1809,   1839,   1845,   1856,   1868,   1880,   1881,   1894,   1901,   1915,   1939,   1943,   1991,   1999
   2016,   2024,   2033,   2090,   2093,   2098,   2123,   2137,   2147,   2158,   2159,   2169,   2188,   2203,   2214,   2217
   2230,   2249,   2297,   2306,   2323,   2324,   2368,   2375,   2392,   2439,   2441,   2444,   2471,   2475,   2483,   2493
   2501,   2502,   2507,   2528,   2530,   2531,   2534,   2579,   2597,   2601,   2630,   2634,   2657,   2658,   2659,   2684
   2692,   2724,   2733,   2742,   2757,   2766,   2778,   2783,   2804,   2810,   2843,   2848,   2856,   2865,   2874,   2898
   2905,   2942,   2971,   2973,   2985,   2986,   2993,   2994,   3024,   3025,   3030,   3033,   3034,   3042,   3056,   3070
   3093,   3110,   3111,   3112,   3113,   3114,   3137,   3139,   3144,   3166,   3170,   3213,   3241,   3258,   3280,   3282
   3293,   3301,   3320,   3327,   3335,   3345,   3356,   3368,   3372,   3381,   3391,   3402,   3411,   3424,   3437,   3439
   3452,   3459,   3461,   3475,   3484,   3499,   3538,   3546,   3559,   3560,   3576,   3592,   3597,   3602,   3629,   3683
   3697,   3698,   3703,   3711,   3715,   3722,   3726,   3729,   3732,   3755,   3756,   3757,   3761,   3763,   3803,   3820
   3828,   3836,   3861,   3863,   3893,   3900,   3910,   3916,   3920,   3939,   3946,   3975,   4015,   4017,   4031,   4052
   4076,   4101,   4124,   4127,   4131,   4134,   4136,   4143,   4146,   4162,   4167,   4171,   4175,   4196,   4208,   4210
   4212,   4215,   4219,   4221,   4234,   4242,   4246,   4254,   4260,   4288,   4307,   4315,   4325,   4326,   4346,   4361
   4374,   4395,   4423,   4438,   4501,   4520,   4522,   4546,   4565,   4582,   4602,   4612,   4614,   4616,   4621,   4635
   4636,   4638,   4640,   4662,   4665,   4669,   4671,   4693,   4704,   4712,   4730,   4734,   4738,   4778,   4785,   4808
   4822,   4823,   4827,   4854,   4874,   4895,   4907,   4951,   4952,   4968,   4970,   4972,   4983,   4988,   4993,   5008
   5038,   5061,   5067,   5075,   5076,   5098,   5102,   5105,   5115,   5121,   5142,   5147,   5148,   5178,   5193,   5198
   5218,   5224,   5245,   5261,   5263,   5270,   5271,   5286,   5296,   5304,   5310,   5316,   5323,   5324,   5331,   5332
   5333,   5339,   5356,   5363,   5376,   5386,   5390,   5394,   5426,   5443,   5456,   5458,   5459,   5507,   5510,   5534
   5536,   5557,   5559,   5572,   5574,   5577,   5588,   5590,   5591,   5594,   5622,   5632,   5636,   5637,   5647,   5649
   5657,   5662,   5664,   5669,   5716,   5718,   5720,   5731,   5732,   5735,   5747,   5754,   5763,   5766,   5778,   5783
   5806,   5839,   5875,   5889,   5896,   5919,   5951,   5972,   5977,   5979,   5993,   5995,   6004,   6008,   6029,   6045
   6050,   6064,   6070,   6077,   6104,   6105,   6116,   6175,   6179,   6180,   6200,   6201,   6208,   6212,   6227,   6246
   6252,   6265,   6271,   6272,   6286,   6292,   6314,   6316,   6330,   6332,   6333,   6342,   6352,   6358,   6364,   6365
   6373,   6376,   6386,   6413,   6429,   6432,   6435,   6438,   6486,   6494,   6501,   6502,   6506,   6508,   6511,   6519
   6525,   6530,   6538,   6544,   6547,   6567,   6574,   6575,   6579,   6580,   6605,   6620,   6634,   6638,   6647,   6659
   6660,   6680,   6681,   6693,   6696,   6700,   6703,   6715,   6716,   6729,   6739,   6750,   6751,   6753,   6773,   6780
   6784,   6787,   6799,   6801,   6803,   6805,   6811,   6834,   6877,   6881,   6884,   6892,   6913,   6938,   6961,   6968
   6973,   6975,   6983,   6985,   6989,   7007,   7033,   7038,   7039,   7046,   7058,   7061,   7064,   7065,   7078,   7083
   7094,   7097,   7112,   7142,   7152,   7154,   7159,   7163,   7164,   7207,   7210,   7225,   7233,   7247,   7252,   7261
   7268,   7272,   7277,   7300,   7305,   7321,   7328,   7333,   7336,   7350,   7351,   7354,   7371,   7395,   7415,   7417
   7418,   7425,   7452,   7461,   7463,   7465,   7487,   7492,   7494,   7495,   7520,   7542,   7547,   7565,   7567,   7573
   7594,   7628,   7631,   7638,   7656,   7662,   7675,   7696,   7699,   7719,   7724,   7728,   7730,   7775,   7784,   7800
   7804,   7806,   7813,   7818,   7833,   7847,   7857,   7858,   7868,   7895,   7899,   7927,   7942,   7960,   7975,   7978
   7980,   7993,   7998,   8003,   8014,   8031,   8041,   8045,   8055,   8065,   8074,   8101,   8109,   8111,   8112,   8120
   8149,   8171,   8185,   8216,   8222,   8254,   8256,   8260,   8308,   8312,   8313,   8327,   8349,   8351,   8367,   8379
   8381,   8385,   8388,   8408,   8448,   8478,   8487,   8490,   8503,   8510,   8513,   8519,   8520,   8529,   8557,   8564
   8566,   8579,   8580,   8594,   8610,   8640,   8642,   8650,   8652,   8653,   8674,   8677,   8701,   8717,   8723,   8753
   8769,   8790,   8794,   8798,   8807,   8811,   8828,   8834,   8844,   8846,   8865,   8881,   8889,   8900,   8927,   8932
   8942,   8952,   8961,   8969,   8970,   9008,   9023,   9027,   9051,   9055,   9069,   9087,   9094,   9103,   9112,   9118
   9126,   9130,   9138,   9141,   9154,   9157,   9161,   9189,   9190,   9194,   9196,   9198,   9201,   9202,   9208,   9209
   9232,   9233,   9234,   9248,   9269,   9282,   9304,   9328,   9332,   9334,   9337,   9370,   9371,   9379,   9382,   9411
   9412,   9429,   9437,   9442,   9444,   9453,   9454,   9476,   9478,   9482,   9486,   9490,   9513,   9538,   9544,   9570
   9573,   9574,   9578,   9588,   9593,   9603,   9629,   9631,   9691,   9696,   9698,   9702,   9708,   9712,   9713,   9720
   9731,   9732,   9743,   9758,   9775,   9782,   9809,   9821,   9841,   9849,   9865,   9874,   9875,   9877,   9883,   9884
   9887,   9889,   9892,   9924,   9927,   9931,   9944,   9955,   9976,   9978,   9990,   9997,  10001,  10033,  10039,  10055
  10060,  10072,  10083,  10118,  10120,  10126,  10132,  10140,  10147,  10153,  10156,  10178,  10218,  10225,  10252,  10269
  10273,  10284,  10291,  10293,  10299,  10316,  10323,  10349,  10371,  10376,  10383,  10386,  10393,  10418,  10432,  10452
  10461,  10479,  10484,  10504,  10533,  10550,  10583,  10586,  10607,  10610,  10617,  10630,  10667,  10689,  10691,  10692
  10702,  10719,  10746,  10759,  10784,  10788,  10790,  10796,  10803,  10813,  10817,  10833,  10834,  10848,  10850,  10884
  10888,  10890,  10896,  10905,  10917,  10926,  10931,  10937,  10956,  10974,  10975,  10980,  10986,  11002,  11005,  11009
  11018,  11025,  11030,  11057,  11076,  11078,  11088,  11096,  11102,  11114,  11115,  11118,  11128,  11129,  11142,  11143
  11177,  11180,  11201,  11221,  11226,  11233,  11247,  11248,  11255,  11257,  11263,  11267,  11274,  11279,  11319,  11325
  11328,  11330,  11333,  11341,  11347,  11350,  11359,  11374,  11378,  11391,  11412,  11417,  11424,  11435,  11449,  11450
  11460,  11462,  11480,  11502,  11513,  11536,  11537,  11548,  11559,  11576,  11577,  11583,  11585,  11593,  11603,  11622
  11624,  11637,  11655,  11660,  11665,  11667,  11683,  11693,  11714,  11717,  11733,  11735,  11736,  11741,  11744,  11745
  11750,  11751,  11761,  11774,  11786,  11788,  11801,  11807,  11816,  11818,  11822,  11844,  11860,  11867,  11881,  11882
  11886,  11900,  11908,  11935,  11966,  11972,  11981,  11995,  12004,  12005,  12016,  12037,  12046,  12049,  12064,  12071
  12078,  12086,  12093,  12123,  12128,  12140,  12152,  12188,  12189,  12194,  12195,  12198,  12213,  12215,  12217,  12245
  12280,  12284,  12303,  12344,  12399,  12401,  12404,  12407,  12422,  12423,  12430,  12431,  12443,  12445,  12447,  12450
  12452,  12472,  12496,  12510,  12513,  12515,  12517,  12547,  12570,  12585,  12589,  12607,  12616,  12617,  12629,  12638
  12649,  12668,  12669,  12682,  12689,  12696,  12713,  12727,  12740,  12741,  12772,  12775,  12776,  12805,  12828,  12850
  12858,  12861,  12879,  12892,  12899,  12939,  12945,  12951,  12954,  12960,  12983,  12984,  13004,  13007,  13018,  13023
  13028,  13032,  13040,  13042,  13062,  13063,  13084,  13090,  13100,  13135,  13141,  13157,  13179,  13200,  13203,  13219
  13239,  13249,  13255,  13277,  13279,  13288,  13306,  13307,  13309,  13314,  13323,  13364,  13375,  13424,  13432,  13433
  13439,  13454,  13474,  13476,  13486,  13498,  13499,  13501,  13531,  13549,  13559,  13573,  13585,  13592,  13606,  13624
  13635,  13636,  13656,  13660,  13682,  13701,  13704,  13721,  13729,  13731,  13761,  13774,  13777,  13787,  13789,  13796
  13798,  13806,  13816,  13835,  13845,  13847,  13853,  13856,  13877,  13894,  13901,  13909,  13915,  13920,  13924,  13932
  13936,  13945,  13962,  13964,  13966,  13975,  13977,  13981,  13991,  13994,  13999,  14000,  14015,  14046,  14048,  14051
  14056,  14059,  14071,  14078,  14081,  14083,  14098,  14105,  14122,  14126,  14129,  14131,  14134,  14143,  14160,  14165
  14169,  14190,  14201,  14217,  14224,  14233,  14235,  14240,  14255,  14274,  14287,  14288,  14289,  14294,  14314,  14322
  14331,  14336,  14337,  14338,  14370,  14372,  14383,  14385,  14399,  14420,  14439,  14443,  14452,  14458,  14459,  14481
  14485,  14489,  14493,  14500,  14504,  14510,  14551,  14560,  14562,  14568,  14571,  14574,  14578,  14582,  14597,  14617
  14618,  14630,  14643,  14652,  14675,  14685,  14695,  14696,  14700,  14707,  14736,  14740,  14743,  14744,  14764,  14786
  14804,  14813,  14816,  14828,  14841,  14852,  14853,  14860,  14877,  14880,  14900,  14907,  14941,  14957,  14978,  14993
  15014,  15020,  15025,  15035,  15048,  15055,  15062,  15074,  15075,  15076,  15079,  15081,  15088,  15104,  15105,  15128
  15138,  15144,  15149,  15152,  15197,  15216,  15219,  15223,  15253,  15254,  15265,  15269,  15273,  15313,  15319,  15325
  15336,  15363,  15386,  15421,  15422,  15424,  15434,  15438,  15446,  15451,  15460,  15484,  15501,  15515,  15543,  15545
  15550,  15558,  15562,  15577,  15588,  15592,  15598,  15601,  15603,  15612,  15630,  15635,  15636,  15637,  15648,  15652
  15657,  15672,  15676,  15687,  15696,  15699,  15707,  15708,  15747,  15748,  15758,  15763,  15764,  15770,  15788,  15797
  15802,  15814,  15815,  15818,  15831,  15857,  15876,  15887,  15892,  15935,  15942,  15944,  15946,  15957,  15963,  15965
  15967,  15978,  15980,  15982,  15990,  16002,  16024,  16045,  16047,  16068,  16069,  16076,  16091,  16098,  16100,  16111
  16134,  16142,  16148,  16150,  16152,  16155,  16163,  16179,  16182,  16198,  16201,  16204,  16209,  16219,  16229,  16231
  16232,  16233,  16247,  16256,  16261,  16265,  16266,  16274,  16286,  16294,  16305,  16315,  16320,  16334,  16349,  16360
  16362,  16376,  16385,  16403,  16409,  16412,  16430,  16467,  16480,  16487,  16510,  16513,  16527,  16540,  16553,  16555
  16559,  16572,  16574,  16579,  16589,  16607,  16609,  16611,  16614,  16620,  16630,  16657,  16670,  16687,  16693,  16722
  16737,  16738,  16748,  16765,  16766,  16771,  16784,  16785,  16803,  16808,  16812,  16814,  16830,  16871,  16883,  16909
  16945,  16962,  16973,  16977,  16992,  16993,  16998,  17002,  17013,  17022,  17057,  17062,  17068,  17069,  17088,  17100
  17105,  17109,  17132,  17160,  17162,  17164,  17169,  17191,  17203,  17210,  17217,  17223,  17227,  17241,  17244,  17263
  17277,  17294,  17296,  17297,  17299,  17330,  17336,  17339,  17347,  17383,  17385,  17395,  17397,  17399,  17402,  17404
  17416,  17423,  17429,  17441,  17444,  17466,  17467,  17468,  17491,  17510,  17516,  17571,  17580,  17583,  17598,  17602
  17616,  17618,  17634,  17641,  17645,  17648,  17650,  17659,  17664,  17665,  17668,  17670,  17677,  17678,  17679,  17699
  17723,  17727,  17739,  17743,  17777,  17794,  17807,  17813,  17832,  17847,  17853,  17858,  17862,  17884,  17890,  17910
  17937,  17943,  17960,  17970,  17972,  17977,  18012,  18015,  18023,  18033,  18044,  18045,  18051,  18073,  18087,  18096
  18142,  18146,  18150,  18153,  18156,  18157,  18167,  18179,  18185,  18188,  18189,  18200,  18201,  18215,  18253,  18255
  18258,  18279,  18289,  18307,  18335,  18348,  18350,  18351,  18364,  18381,  18385,  18389,  18404,  18407,  18426,  18427
  18432,  18436,  18454,  18460,  18474,  18489,  18493,  18513,  18520,  18527,  18546,  18548,  18564,  18584,  18590,  18597
  18608,  18610,  18626,  18639,  18640,  18642,  18643,  18645,  18659,  18670,  18678,  18680,  18687,  18720,  18723,  18730
  18732,  18750,  18762,  18765,  18774,  18803,  18823,  18833,  18842,  18861,  18865,  18874,  18882,  18892,  18898,  18899
  18905,  18910,  18938,  18945,  18948,  18968,  19004,  19010,  19015,  19017,  19019,  19033,  19056,  19067,  19071,  19072
  19100,  19116,  19142,  19156,  19178,  19184,  19193,  19198,  19214,  19216,  19236,  19242,  19245,  19247,  19267,  19271
  19283,  19290,  19305,  19308,  19317,  19351,  19354,  19358,  19369,  19381,  19382,  19383,  19409,  19412,  19425,  19460
  19472,  19481,  19494,  19495,  19512,  19518,  19521,  19532,  19533,  19558,  19576,  19588,  19601,  19613,  19651,  19681
  19682,  19696,  19708,  19729,  19730,  19736,  19747,  19748,  19749,  19754,  19757,  19759,  19764,  19772,  19782,  19784
  19807,  19820,  19825,  19832,  19836,  19839,  19841,  19860,  19861,  19863,  19874,  19876,  19885,  19889,  19893,  19895
  19923,  19931,  19937,  19941,  19945,  19950,  19954,  19955,  19967,  19976,  19981,  19988,  20008,  20016,  20017,  20025
  20029,  20038,  20044,  20128,  20131,  20135,  20156,  20189,  20201,  20202,  20216,  20220,  20237,  20256,  20260,  20261
  20264,  20266,  20270,  20278,  20297,  20299,  20309,  20313,  20330,  20339,  20375,  20404,  20405,  20413,  20460,  20465
  20466,  20476,  20491,  20501,  20516,  20517,  20525,  20541,  20545,  20569,  20583,  20587,  20588,  20590,  20594,  20601
  20613,  20618,  20621,  20635,  20641,  20644,  20662,  20669,  20690,  20692,  20693,  20713,  20730,  20732,  20736,  20739
  20740,  20744,  20749,  20771,  20775,  20790,  20803,  20823,  20844,  20859,  20868,  20869,  20925,  20926,  20933,  20941
  20970,  20985,  20999,  21013,  21020,  21031,  21041,  21076,  21079,  21082,  21086,  21100,  21104,  21105,  21152,  21153
  21176,  21178,  21188,  21208,  21217,  21219,  21225,  21233,  21234,  21237,  21269,  21279,  21282,  21295,  21310,  21333
  21348,  21357,  21364,  21367,  21371,  21389,  21391,  21403,  21415,  21440,  21453,  21457,  21460,  21464,  21473,  21476
  21496,  21500,  21509,  21510,  21528,  21536,  21556,  21557,  21562,  21577,  21582,  21610,  21611,  21615,  21619,  21643
  21647,  21649,  21651,  21686,  21689,  21701,  21702,  21712,  21717,  21725,  21748,  21765,  21773,  21777,  21783,  21791
  21794,  21799,  21817,  21829,  21849,  21860,  21876,  21878,  21883,  21891,  21893,  21936,  21948,  21962,  21974,  21987
  22002,  22003,  22029,  22034,  22045,  22047,  22069,  22095,  22103,  22111,  22122,  22134,  22147,  22149,  22161,  22169
  22171,  22173,  22182,  22197,  22216,  22234,  22261,  22271,  22293,  22308,  22313,  22322,  22330,  22350,  22364,  22378
  22412,  22418,  22422,  22434,  22447,  22474,  22490,  22495,  22509,  22514,  22526,  22531,  22538,  22545,  22550,  22551
  22555,  22556,  22583,  22597,  22602,  22609,  22615,  22617,  22619,  22629,  22644,  22648,  22666,  22668,  22690,  22695
  22699,  22701,  22713,  22746,  22756,  22757,  22761,  22762,  22782,  22800,  22816,  22831,  22833,  22834,  22872,  22884
  22898,  22904,  22905,  22930,  22933,  22953,  22955,  22959,  22963,  22985,  22987,  23006,  23025,  23030,  23033,  23038
  23044,  23049,  23059,  23079,  23085,  23096,  23097,  23099,  23106,  23107,  23108,  23115,  23122,  23135,  23149,  23151
  23188,  23193,  23204,  23227,  23262,  23264,  23266,  23287,  23312,  23315,  23328,  23337,  23347,  23368,  23372,  23381
  23392,  23393,  23398,  23403,  23410,  23413,  23419,  23431,  23438,  23440,  23453,  23457,  23482,  23491,  23496,  23499
  23500,  23520,  23523,  23524,  23544,  23546,  23565,  23569,  23575,  23579,  23583,  23607,  23617,  23619,  23640,  23643
  23672,  23684,  23688,  23716,  23720,  23752,  23781,  23804,  23812,  23825,  23840,  23862,  23866,  23868,  23886,  23890
  23895,  23898,  23901,  23914,  23918,  23963,  23969,  23973,  23981,  23992,  24007,  24011,  24019,  24039,  24068,  24076
  24083,  24098,  24099,  24108,  24109,  24114,  24125,  24134,  24139,  24157,  24170,  24191,  24193,  24205,  24228,  24296
  24302,  24304,  24305,  24313,  24318,  24324,  24354,  24360,  24364,  24394,  24409,  24412,  24417,  24425,  24436,  24443
  24446,  24476,  24513,  24521,  24531,  24539,  24541,  24546,  24552,  24556,  24576,  24584,  24592,  24625,  24642,  24645
  24650,  24651,  24659,  24666,  24669,  24671,  24679,  24694,  24698,  24700,  24704,  24705,  24715,  24719,  24725,  24740
  24752,  24761,  24770,  24785,  24795,  24808,  24812,  24814,  24827,  24843,  24852,  24853,  24854,  24855,  24878,  24899
  24910,  24914,  24947,  24974,  24984,  24988,  24990,  24997,  25005,  25022,  25025,  25032,  25052,  25056,  25058,  25070
  25086,  25109,  25113,  25114,  25127,  25131,  25136,  25152,  25174,  25185,  25216,  25217,  25219,  25221,  25231,  25234
  25239,  25250,  25259,  25260,  25265,  25276,  25277,  25289,  25291,  25294,  25301,  25308,  25313,  25326,  25327,  25332
  25341,  25344,  25346,  25356,  25368,  25372,  25392,  25397,  25423,  25435,  25441,  25446,  25514,  25518,  25523,  25575
  25591,  25602,  25608,  25618,  25628,  25629,  25631,  25648,  25660,  25661,  25666,  25681,  25693,  25695,  25699,  25700
  25725,  25750,  25753,  25755,  25758,  25759,  25811,  25821,  25822,  25828,  25831,  25842,  25865,  25879,  25894,  25901
  25905,  25909,  25914,  25915,  25920,  25937,  25940,  25941,  25977,  25983,  25984,  25988,  26013,  26018,  26034,  26036
  26047,  26062,  26072,  26076,  26079,  26092,  26112,  26121,  26129,  26135,  26137,  26157,  26164,  26217,  26224,  26265
  26266,  26267,  26268,  26269,  26274,  26282,  26284,  26308,  26327,  26329,  26344,  26360,  26364,  26368,  26376,  26385
  26386,  26394,  26399,  26400,  26426,  26428,  26437,  26439,  26440,  26450,  26457,  26470,  26473,  26491,  26498,  26512
  26532,  26534,  26560,  26564,  26566,  26567,  26577,  26583,  26597,  26602,  26606,  26608,  26615,  26633,  26635,  26646
  26670,  26684,  26693,  26697,  26702,  26708,  26711,  26726,  26736,  26760,  26770,  26772,  26792,  26823,  26827,  26838
  26844,  26850,  26852,  26857,  26880,  26901,  26905,  26916,  26920,  26939,  26960,  26963,  26984,  26992,  27014,  27017
  27025,  27032,  27039,  27040,  27044,  27050,  27058,  27060,  27068,  27072,  27089,  27096,  27122,  27138,  27149,  27152
  27153,  27181,  27182,  27203,  27211,  27212,  27214,  27221,  27225,  27229,  27248,  27249,  27254,  27255,  27269,  27282
  27285,  27303,  27321,  27333,  27339,  27370,  27375,  27378,  27386,  27391,  27397,  27399,  27413,  27421,  27425,  27436
  27437,  27447,  27467,  27471,  27483,  27503,  27509,  27515,  27529,  27531,  27532,  27533,  27536,  27547,  27560,  27578
  27579,  27580,  27587,  27608,  27610,  27621,  27625,  27662,  27691,  27705,  27708,  27718,  27721,  27726,  27744,  27746
  27755,  27756,  27766,  27767,  27772,  27774,  27780,  27792,  27798,  27802,  27804,  27805,  27812,  27817,  27822,  27832
  27845,  27866,  27889,  27908,  27910,  27911,  27918,  27934,  27939,  27948,  27959,  27975,  27990,  27992,  28012,  28021
  28030,  28037,  28038,  28047,  28083,  28110,  28114,  28121,  28131,  28137,  28158,  28163,  28164,  28180,  28224,  28230
  28246,  28259,  28262,  28269,  28276,  28281,  28296,  28305,  28313,  28328,  28329,  28357,  28358,  28359,  28361,  28368
  28377,  28379,  28394,  28400,  28408,  28422,  28423,  28428,  28432,  28442,  28448,  28463,  28489,  28521,  28526,  28541
  28545,  28551,  28556,  28565,  28569,  28578,  28581,  28582,  28588,  28611,  28614,  28615,  28616,  28625,  28628,  28645
  28650,  28693,  28696,  28698,  28707,  28731,  28735,  28746,  28762,  28769,  28780,  28782,  28784,  28789,  28792,  28795
  28805,  28813,  28818,  28825,  28851,  28857,  28867,  28900,  28920,  28926,  28928,  28931,  28932,  28943,  28963,  28965
  28967,  28970,  28973,  28976,  28980,  28982,  29005,  29006,  29023,  29029,  29042,  29047,  29051,  29069,  29076,  29081
  29082,  29083,  29111,  29127,  29157,  29160,  29188,  29192,  29205,  29218,  29236,  29243,  29268,  29275,  29285,  29301
  29305,  29329,  29343,  29374,  29375,  29406,  29413,  29414,  29423,  29432,  29435,  29442,  29447,  29451,  29460,  29478
  29480,  29496,  29507,  29512,  29517,  29523,  29526,  29531,  29534,  29566,  29570,  29573,  29582,  29590,  29595,  29603
  29606,  29623,  29627,  29637,  29639,  29645,  29660,  29661,  29694,  29700,  29704,  29716,  29721,  29729,  29730,  29754
  29755,  29766,  29781,  29797,  29802,  29818,  29819,  29828,  29830,  29855,  29873,  29877,  29892,  29898,  29912,  29940
  29942,  29946,  29952,  29954,  29965,  29966,  29970,  29982,  29987,  30008,  30012,  30023,  30047,  30067,  30076,  30078
  30084,  30108,  30117,  30134,  30135,  30138,  30142,  30153,  30163,  30182,  30187,  30189,  30201,  30203,  30210,  30219
  30225,  30245,  30247,  30253,  30256,  30260,  30279,  30284,  30288,  30296,  30299,  30316,  30317,  30323,  30325,  30328
  30330,  30344,  30352,  30357,  30376,  30392,  30411,  30417,  30420,  30428,  30433,  30437,  30440,  30462,  30466,  30469
  30485,  30504,  30510,  30531,  30552,  30567,  30575,  30583,  30585,  30608,  30631,  30632,  30645,  30648,  30674,  30679
  30700,  30701,  30708,  30721,  30763,  30764,  30769,  30772,  30786,  30788,  30790,  30793,  30794,  30797,  30820,  30867
  30872,  30875,  30911,  30918,  30922,  30925,  30943,  30970,  30975,  30980,  30990,  30999,  31000,  31041,  31042,  31044
  31047,  31051,  31057,  31058,  31061,  31066,  31068,  31075,  31099,  31102,  31112,  31117,  31130,  31131,  31137,  31139
  31150,  31154,  31158,  31164,  31165,  31171,  31172,  31174,  31196,  31216,  31219,  31225,  31231,  31236,  31238,  31244
  31245,  31251,  31279,  31299,  31301,  31314,  31317,  31329,  31347,  31351,  31356,  31360,  31369,  31370,  31382,  31391
  31440,  31452,  31454,  31464,  31467,  31472,  31486,  31505,  31515,  31534,  31545,  31554,  31572,  31583,  31593,  31627
  31639,  31649,  31653,  31661,  31680,  31711,  31715,  31717,  31726,  31740,  31749,  31750,  31755,  31769,  31770,  31773
  31774,  31775,  31788,  31843,  31850,  31859,  31862,  31865,  31868,  31874,  31882,  31886,  31889,  31894,  31896,  31911
  31973,  31986,  31998,  32005,  32006,  32019,  32027,  32032,  32049,  32057,  32060,  32061,  32063,  32085,  32124,  32138
  32152,  32154,  32163,  32169,  32174,  32204,  32208,  32238,  32258,  32269,  32277,  32295,  32296,  32310,  32313,  32324
  32332,  32335,  32347,  32355,  32378,  32379,  32385,  32392,  32406,  32408,  32410,  32436,  32439,  32442,  32444,  32449
  32450,  32454,  32470,  32485,  32492,  32509,  32516,  32522,  32525,  32527,  32549,  32555,  32567,  32573,  32585,  32599
  32603,  32639,  32643,  32650,  32666,  32667,  32681,  32684,  32685,  32693,  32714,  32720,  32726,  32728,  32735,  32749
  32766,  32771,  32792,  32811,  32825,  32842,  32853,  32854,  32874,  32896,  32935,  32940,  32941,  32948,  32954,  32962
  32968,  32989,  32996,  33011,  33012,  33018,  33022,  33027,  33041,  33048,  33074,  33098,  33101,  33107,  33142,  33144
  33151,  33192,  33199,  33203,  33210,  33215,  33219,  33246,  33248,  33262,  33269,  33283,  33293,  33309,  33314,  33320
  33327,  33339,  33340,  33348,  33350,  33400,  33414,  33416,  33438,  33443,  33470,  33490,  33493,  33497,  33498,  33511
  33522,  33529,  33549,  33575,  33577,  33592,  33593,  33614,  33622,  33626,  33671,  33677,  33678,  33680,  33683,  33691
  33707,  33709,  33722,  33726,  33734,  33748,  33752,  33754,  33764,  33769,  33776,  33788,  33791,  33794,  33798,  33799
  33804,  33810,  33822,  33831,  33833,  33843,  33844,  33864,  33869,  33904,  33919,  33934,  33946,  33954,  33966,  33977
  33984,  33990,  34002,  34008,  34009,  34013,  34014,  34048,  34055,  34057,  34089,  34090,  34092,  34103,  34112,  34119
  34123,  34124,  34143,  34144,  34150,  34159,  34168,  34181,  34208,  34210,  34218,  34231,  34249,  34253,  34256,  34258
  34260,  34273,  34289,  34290,  34295,  34308,  34318,  34321,  34343,  34361,  34364,  34368,  34384,  34387,  34398,  34404
  34408,  34409,  34415,  34442,  34459,  34504,  34527,  34540,  34542,  34549,  34567,  34569,  34573,  34574,  34581,  34582
  34600,  34604,  34610,  34621,  34625,  34627,  34628,  34632,  34649,  34651,  34656,  34660,  34674,  34675,  34679,  34685
  34686,  34695,  34704,  34713,  34719,  34720,  34760,  34781,  34794,  34797,  34817,  34819,  34822,  34825,  34835,  34842
  34849,  34851,  34863,  34866,  34869,  34870,  34877,  34895,  34904,  34906,  34908,  34925,  34932,  34936,  34942,  34953
  34978,  34982,  34995,  35007,  35015,  35016,  35027,  35031,  35040,  35065,  35067,  35083,  35099,  35110,  35112,  35113
  35125,  35126,  35144,  35154,  35158,  35161,  35163,  35164,  35188,  35210,  35217,  35229,  35258,  35271,  35282,  35307
  35309,  35328,  35330,  35332,  35333,  35341,  35359,  35381,  35384,  35392,  35408,  35413,  35429,  35442,  35450,  35459
  35465,  35469,  35487,  35490,  35515,  35524,  35530,  35534,  35535,  35543,  35544,  35546,  35547,  35555,  35557,  35560
  35596,  35605,  35615,  35626,  35631,  35635,  35644,  35665,  35668,  35693,  35708,  35744,  35752,  35763,  35770,  35782
  35804,  35809,  35822,  35840,  35851,  35853,  35873,  35876,  35880,  35896,  35913,  35915,  35924,  35934,  35965,  35974
  35975,  35994,  36005,  36006,  36015,  36022,  36029,  36031,  36036,  36044,  36046,  36070,  36072,  36077,  36078,  36093
  36107,  36121,  36129,  36157,  36183,  36184,  36187,  36190,  36195,  36201,  36202,  36204,  36205,  36208,  36223,  36234
  36246,  36251,  36258,  36273,  36282,  36299,  36313,  36327,  36328,  36330,  36332,  36335,  36341,  36342,  36348,  36357
  36363,  36378,  36386,  36388,  36399,  36414,  36416,  36424,  36427,  36455,  36457,  36463,  36465,  36478,  36489,  36493
  36505,  36517,  36520,  36522,  36524,  36536,  36539,  36549,  36550,  36561,  36604,  36622,  36624,  36625,  36633,  36634
  36637,  36644,  36669,  36688,  36690,  36727,  36741,  36763,  36769,  36787,  36803,  36809,  36814,  36816,  36825,  36879
  36880,  36894,  36908,  36910,  36928,  36932,  36945,  36955,  36957,  36958,  36965,  36972,  36975,  36979,  36980,  36984
  37019,  37039,  37046,  37049,  37070,  37080,  37084,  37085,  37091,  37095,  37098,  37109,  37123,  37137,  37138,  37140
  37142,  37146,  37150,  37167,  37180,  37181,  37194,  37215,  37227,  37228,  37254,  37267,  37271,  37277,  37309,  37321
  37326,  37343,  37355,  37359,  37367,  37375,  37380,  37381,  37414,  37426,  37450,  37460,  37502,  37505,  37510,  37513
  37514,  37529,  37532,  37536,  37548,  37549,  37562,  37566,  37585,  37596,  37609,  37614,  37617,  37633,  37656,  37658
  37662,  37664,  37667,  37693,  37695,  37698,  37719,  37726,  37729,  37738,  37757,  37768,  37769,  37780,  37787,  37796
  37837,  37843,  37854,  37856,  37860,  37868,  37892,  37897,  37909,  37910,  37918,  37919,  37921,  37922,  37925,  37933
  37951,  37960,  37972,  37980,  37985,  37996,  38010,  38030,  38047,  38048,  38051,  38056,  38083,  38087,  38088,  38104
  38112,  38121,  38137,  38139,  38144,  38145,  38149,  38169,  38175,  38181,  38189,  38214,  38218,  38220,  38239,  38249
  38260,  38264,  38270,  38273,  38291,  38292,  38299,  38307,  38308,  38309,  38314,  38315,  38328,  38342,  38343,  38344
  38348,  38350,  38356,  38366,  38371,  38390,  38399,  38402,  38414,  38423,  38425,  38430,  38438,  38450,  38455,  38457
  38464,  38478,  38503,  38509,  38523,  38535,  38537,  38548,  38553,  38564,  38584,  38587,  38594,  38602,  38612,  38629
  38634,  38653,  38654,  38662,  38671,  38675,  38691,  38694,  38712,  38749,  38754,  38760,  38782,  38785,  38813,  38816
  38830,  38833,  38838,  38843,  38846,  38856,  38864,  38866,  38871,  38876,  38898,  38906,  38907,  38925,  38926,  38932
  38949,  38958,  38959,  38963,  38966,  38980,  38999,  39004,  39011,  39012,  39017,  39025,  39028,  39038,  39041,  39043
  39049,  39054,  39055,  39056,  39058,  39061,  39092,  39109,  39111,  39124,  39145,  39147,  39154,  39156,  39159,  39180
  39185,  39186,  39213,  39217,  39221,  39234,  39235,  39239,  39245,  39248,  39252,  39265,  39268,  39272,  39274,  39278
  39299,  39303,  39307,  39338,  39376,  39381,  39405,  39409,  39411,  39422,  39431,  39433,  39436,  39437,  39445,  39448
  39460,  39480,  39481,  39492,  39493,  39499,  39501,  39511,  39521,  39548,  39571,  39578,  39589,  39591,  39599,  39606
  39607,  39608,  39610,  39644,  39649,  39652,  39654,  39658,  39669,  39685,  39686,  39687,  39693,  39699,  39710,  39718
  39728,  39734,  39736,  39738,  39764,  39771,  39777,  39787,  39796,  39830,  39835,  39840,  39841,  39850,  39853,  39877
  39887,  39890,  39905,  39906,  39920,  39933,  39958,  39963,  39982,  40004,  40006,  40010,  40012,  40013,  40031,  40049
  40055,  40056,  40059,  40070,  40071,  40075,  40076,  40077,  40086,  40097,  40098,  40125,  40140,  40145,  40149,  40155
  40156,  40169,  40171,  40173,  40193,  40206,  40229,  40230,  40237,  40253,  40254,  40266,  40286,  40290,  40305,  40313
  40328,  40343,  40360,  40369,  40374,  40385,  40393,  40412,  40415,  40417,  40432,  40437,  40441,  40451,  40457,  40462
  40477,  40485,  40493,  40498,  40508,  40533,  40538,  40553,  40558,  40569,  40574,  40575,  40576,  40578,  40583,  40608
  40614,  40628,  40633,  40637,  40641,  40647,  40666,  40684,  40693,  40696,  40697,  40700,  40707,  40715,  40716,  40721
  40733,  40747,  40748,  40760,  40770,  40790,  40791,  40794,  40807,  40808,  40832,  40844,  40851,  40862,  40865,  40868
  40871,  40879,  40892,  40903,  40940,  40954,  40958,  40959,  40967,  40969,  40972,  40973,  40986,  40995,  41000,  41014
  41021,  41025,  41027,  41031,  41038,  41045,  41054,  41059,  41060,  41067,  41070,  41074,  41103,  41110,  41113,  41115
  41143,  41150,  41152,  41156,  41167,  41168,  41173,  41177,  41179,  41182,  41187,  41193,  41249,  41287,  41307,  41313
  41325,  41326,  41350,  41361,  41374,  41377,  41387,  41403,  41404,  41407,  41416,  41418,  41426,  41451,  41459,  41465
  41470,  41480,  41485,  41490,  41500,  41509,  41526,  41532,  41535,  41538,  41544,  41549,  41550,  41551,  41556,  41568
  41572,  41578,  41585,  41586,  41594,  41598,  41607,  41612,  41616,  41623,  41626,  41628,  41629,  41647,  41655,  41656
  41662,  41684,  41689,  41694,  41697,  41703,  41704,  41716,  41744,  41776,  41791,  41802,  41824,  41825,  41828,  41858
  41860,  41862,  41865,  41876,  41888,  41889,  41895,  41967,  41972,  41974,  41977,  41986,  41992,  41996,  42030,  42042
  42057,  42071,  42085,  42086,  42092,  42109,  42113,  42158,  42179,  42181,  42197,  42199,  42208,  42212,  42214,  42221
  42237,  42243,  42249,  42258,  42274,  42288,  42289,  42298,  42300,  42314,  42315,  42321,  42335,  42343,  42344,  42349
  42358,  42362,  42378,  42395,  42397,  42415,  42419,  42425,  42427,  42446,  42451,  42458,  42460,  42470,  42482,  42483
  42484,  42493,  42496,  42502,  42504,  42516,  42529,  42531,  42534,  42544,  42559,  42585,  42588,  42601,  42610,  42614
  42628,  42633,  42661,  42663,  42670,  42700,  42705,  42713,  42726,  42735,  42736,  42749,  42761,  42784,  42799,  42818
  42823,  42839,  42840,  42844,  42847,  42849,  42853,  42857,  42863,  42867,  42879,  42891,  42906,  42919,  42929,  42956
  42962,  42964,  42983,  42992,  43013,  43021,  43028,  43052,  43054,  43056,  43079,  43084,  43091,  43092,  43102,  43107
  43111,  43119,  43127,  43145,  43147,  43150,  43156,  43159,  43160,  43167,  43174,  43178,  43187,  43188,  43217,  43229
  43230,  43244,  43269,  43274,  43279,  43288,  43291,  43298,  43323,  43339,  43369,  43376,  43387,  43402,  43407,  43415
  43416,  43422,  43425,  43428,  43430,  43442,  43466,  43477,  43493,  43506,  43510,  43533,  43539,  43560,  43566,  43567
  43571,  43606,  43608,  43613,  43616,  43625,  43631,  43639,  43646,  43652,  43689,  43690,  43705,  43725,  43735,  43737
  43742,  43751,  43756,  43761,  43766,  43786,  43799,  43824,  43865,  43877,  43878,  43879,  43894,  43899,  43934,  43947
  43961,  43977,  43999,  44000,  44028,  44036,  44053,  44056,  44060,  44065,  44067,  44074,  44101,  44104,  44110,  44122
  44125,  44134,  44139,  44141,  44146,  44177,  44187,  44197,  44200,  44201,  44203,  44205,  44242,  44247,  44252,  44253
  44255,  44276,  44285,  44289,  44298,  44321,  44333,  44361,  44362,  44364,  44366,  44371,  44381,  44404,  44426,  44427
  44432,  44433,  44440,  44443,  44463,  44464,  44482,  44530,  44536,  44543,  44560,  44576,  44579,  44580,  44581,  44588
  44603,  44607,  44608,  44612,  44631,  44651,  44671,  44677,  44683,  44698,  44733,  44748,  44749,  44765,  44770,  44792
  44795,  44835,  44837,  44841,  44876,  44877,  44880,  44881,  44887,  44888,  44899,  44901,  44912,  44920,  44921,  44925
  44930,  44934,  44940,  44953,  44957,  44969,  44972,  44998,  45000,  45010,  45011,  45019,  45021,  45028,  45033,  45064
  45068,  45095,  45098,  45099,  45100,  45104,  45117,  45118,  45122,  45134,  45157,  45162,  45169,  45174,  45192,  45198
  45208,  45230,  45239,  45249,  45256,  45266,  45270,  45280,  45281,  45327,  45335,  45339,  45344,  45346,  45357,  45370
  45371,  45372,  45374,  45380,  45383,  45396,  45426,  45458,  45460,  45488,  45497,  45505,  45509,  45524,  45543,  45558
  45561,  45587,  45595,  45600,  45601,  45608,  45609,  45634,  45667,  45680,  45683,  45684,  45699,  45703,  45705,  45720
  45749,  45751,  45763,  45768,  45775,  45776,  45781,  45801,  45818,  45825,  45844,  45848,  45877,  45878,  45893,  45894
  45900,  45903,  45904,  45912,  45920,  45932,  45938,  45948,  45967,  45975,  46005,  46021,  46048,  46055,  46061,  46065
  46082,  46086,  46098,  46099,  46149,  46154,  46167,  46174,  46191,  46195,  46202,  46240,  46259,  46266,  46274,  46276
  46277,  46281,  46290,  46305,  46323,  46352,  46360,  46392,  46397,  46403,  46407,  46427,  46433,  46445,  46449,  46456
  46463,  46466,  46471,  46472,  46477,  46498,  46513,  46523,  46528,  46543,  46544,  46569,  46593,  46598,  46614,  46627
  46628,  46636,  46641,  46661,  46666,  46680,  46688,  46699,  46706,  46711,  46720,  46727,  46728,  46740,  46748,  46749
  46756,  46759,  46762,  46771,  46783,  46787,  46791,  46800,  46804,  46811,  46818,  46819,  46825,  46834,  46839,  46841
  46861,  46863,  46877,  46878,  46880,  46884,  46885,  46888,  46899,  46921,  46922,  46923,  46932,  46941,  46967,  46968
  46970,  47010,  47016,  47021,  47036,  47049,  47067,  47080,  47141,  47146,  47147,  47169,  47187,  47193,  47232,  47246
  47266,  47314,  47315,  47350,  47352,  47355,  47356,  47360,  47371,  47380,  47387,  47389,  47392,  47410,  47424,  47434
  47445,  47449,  47450,  47467,  47505,  47511,  47516,  47521,  47522,  47524,  47533,  47534,  47537,  47540,  47545,  47558
  47559,  47622,  47662,  47675,  47698,  47708,  47727,  47732,  47746,  47760,  47772,  47773,  47777,  47803,  47820,  47826
  47833,  47865,  47867,  47881,  47894,  47913,  47939,  47965,  47969,  47972,  48001,  48007,  48017,  48018,  48041,  48043
  48059,  48061,  48068,  48073,  48082,  48083,  48104,  48135,  48144,  48164,  48168,  48176,  48187,  48191,  48226,  48235
  48246,  48248,  48260,  48263,  48269,  48270,  48274,  48279,  48281,  48282,  48296,  48321,  48324,  48341,  48372,  48378
  48401,  48418,  48431,  48437,  48443,  48446,  48450,  48511,  48516,  48526,  48531,  48598,  48613,  48617,  48618,  48623
  48635,  48636,  48648,  48696,  48708,  48717,  48732,  48765,  48767,  48775,  48778,  48796,  48813,  48830,  48843,  48848
  48863,  48868,  48884,  48885,  48898,  48918,  48934,  48937,  48938,  48940,  48947,  48963,  48975,  48993,  49009,  49025
  49031,  49034,  49036,  49040,  49043,  49045,  49053,  49056,  49058,  49072,  49080,  49096,  49124,  49125,  49143,  49157
  49158,  49171,  49174,  49202,  49218,  49227,  49245,  49251,  49299,  49309,  49315,  49318,  49339,  49343,  49347,  49351
  49376,  49379,  49380,  49391,  49413,  49421,  49439,  49445,  49484,  49486,  49500,  49507,  49508,  49514,  49533,  49536
  49538,  49554,  49559,  49560,  49578,  49581,  49600,  49606,  49608,  49626,  49658,  49671,  49676,  49684,  49701,  49707
  49753,  49758,  49762,  49766,  49768,  49787,  49803,  49804,  49818,  49837,  49852,  49866,  49867,  49884,  49889,  49891
  49908,  49917,  49923,  49924,  49929,  49935,  49937,  49941,  49949,  49951,  49984,  49987,  50024,  50030,  50043,  50047
  50050,  50054,  50071,  50072,  50073,  50079,  50085,  50094,  50099,  50110,  50114,  50117,  50132,  50140,  50153,  50154
  50158,  50186,  50194,  50200,  50204,  50214,  50236,  50245,  50259,  50262,  50266,  50271,  50322,  50342,  50354,  50372
  50403,  50423,  50430,  50479,  50480,  50484,  50486,  50505,  50527,  50540,  50561,  50587,  50610,  50615,  50621,  50630
  50641,  50642,  50645,  50704,  50733,  50755,  50758,  50762,  50763,  50765,  50780,  50804,  50818,  50831,  50848,  50855
  50869,  50891,  50893,  50899,  50914,  50927,  50946,  50954,  50959,  50971,  50972,  50978,  50980,  50982,  50990,  50994
  51012,  51026,  51032,  51057,  51068,  51074,  51078,  51082,  51104,  51106,  51121,  51122,  51127,  51131,  51147,  51160
  51171,  51189,  51192,  51193,  51202,  51212,  51213,  51215,  51216,  51228,  51235,  51257,  51258,  51288,  51335,  51336
  51359,  51371,  51376,  51380,  51391,  51401,  51436,  51459,  51468,  51469,  51472,  51492,  51510,  51514,  51518,  51521
  51523,  51542,  51575,  51597,  51625,  51636,  51637,  51651,  51654,  51662,  51676,  51704,  51706,  51723,  51729,  51739
  51744,  51757,  51771,  51779,  51785,  51812,  51824,  51858,  51861,  51894,  51901,  51910,  51924,  51943,  51951,  51952
  51954,  51956,  51960,  51966,  51967,  51974,  51975,  51990,  51993,  52006,  52018,  52024,  52029,  52034,  52059,  52077
  52133,  52184,  52192,  52220,  52238,  52261,  52274,  52275,  52312,  52313,  52344,  52354,  52359,  52361,  52362,  52363
  52373,  52395,  52398,  52409,  52412,  52415,  52417,  52420,  52427,  52428,  52440,  52461,  52469,  52474,  52477,  52481
  52496,  52511,  52522,  52530,  52531,  52534,  52555,  52560,  52561,  52568,  52574,  52580,  52584,  52612,  52637,  52646
  52655,  52661,  52679,  52684,  52695,  52711,  52713,  52720,  52721,  52728,  52731,  52735,  52746,  52747,  52750,  52751
  52753,  52754,  52763,  52785,  52826,  52830,  52840,  52846,  52850,  52860,  52867,  52875,  52880,  52888,  52889,  52901
  52916,  52917,  52921,  52927,  52933,  52945,  52948,  52949,  52954,  52961,  52965,  52966,  52980,  53013,  53018,  53046
  53072,  53074,  53084,  53093,  53099,  53108,  53109,  53131,  53165,  53169,  53170,  53181,  53185,  53202,  53211,  53218
  53222,  53230,  53235,  53251,  53253,  53270,  53271,  53278,  53322,  53335,  53348,  53362,  53371,  53385,  53393,  53414
  53428,  53431,  53437,  53445,  53470,  53472,  53484,  53501,  53510,  53528,  53544,  53545,  53549,  53587,  53594,  53623
  53633,  53635,  53662,  53663,  53690,  53709,  53718,  53744,  53787,  53788,  53796,  53805,  53808,  53813,  53824,  53828
  53863,  53869,  53874,  53886,  53913,  53920,  53942,  53944,  53974,  53994,  54003,  54043,  54044,  54050,  54056,  54071
  54097,  54104,  54111,  54118,  54121,  54123,  54143,  54151,  54153,  54156,  54157,  54166,  54167,  54173,  54192,  54207
  54232,  54247,  54255,  54269,  54272,  54301,  54316,  54319,  54323,  54337,  54369,  54375,  54394,  54402,  54419,  54430
  54444,  54451,  54456,  54471,  54474,  54502,  54521,  54524,  54540,  54548,  54553,  54563,  54580,  54586,  54601,  54605
  54608,  54609,  54612,  54631,  54636,  54644,  54646,  54651,  54699,  54719,  54733,  54749,  54750,  54751,  54802,  54836
  54860,  54863,  54898,  54905,  54908,  54910,  54934,  54965,  54975,  54979,  54985,  54987,  54992,  54998,  55005,  55011
  55012,  55013,  55025,  55053,  55064,  55066,  55069,  55074,  55076,  55078,  55087,  55098,  55104,  55119,  55134,  55148
  55152,  55158,  55165,  55166,  55181,  55192,  55193,  55198,  55208,  55222,  55245,  55249,  55254,  55300,  55310,  55311
  55338,  55344,  55378,  55405,  55406,  55457,  55501,  55503,  55521,  55549,  55566,  55580,  55583,  55623,  55629,  55656
  55661,  55712,  55718,  55732,  55737,  55777,  55808,  55837,  55854,  55876,  55878,  55893,  55898,  55899,  55911,  55924
  55926,  55942,  55946,  55969,  55971,  55976,  55985,  56004,  56017,  56032,  56035,  56048,  56052,  56056,  56061,  56067
  56085,  56088,  56131,  56138,  56143,  56150,  56165,  56168,  56187,  56194,  56195,  56210,  56214,  56217,  56227,  56244
  56259,  56261,  56264,  56278,  56281,  56296,  56297,  56319,  56321,  56330,  56355,  56371,  56378,  56379,  56426,  56453
  56479,  56520,  56534,  56563,  56566,  56575,  56582,  56596,  56601,  56605,  56609,  56625,  56638,  56642,  56646,  56663
  56670,  56715,  56718,  56721,  56727,  56730,  56754,  56763,  56782,  56806,  56814,  56819,  56821,  56823,  56837,  56842
  56854,  56887,  56899,  56914,  56915,  56925,  56927,  56954,  56963,  56998,  57003,  57030,  57045,  57069,  57075,  57084
  57089,  57116,  57139,  57143,  57146,  57147,  57150,  57161,  57167,  57170,  57171,  57176,  57178,  57183,  57191,  57200
  57205,  57208,  57220,  57223,  57252,  57277,  57292,  57310,  57319,  57328,  57332,  57353,  57358,  57373,  57376,  57386
  57395,  57396,  57404,  57408,  57428,  57469,  57487,  57492,  57498,  57523,  57551,  57584,  57586,  57637,  57656,  57657
  57658,  57663,  57690,  57699,  57721,  57724,  57730,  57736,  57746,  57758,  57773,  57790,  57794,  57797,  57815,  57818
  57822,  57828,  57843,  57855,  57868,  57869,  57892,  57893,  57901,  57908,  57910,  57912,  57918,  57921,  57932,  57967
  57977,  57996,  58013,  58033,  58052,  58068,  58084,  58088,  58089,  58097,  58105,  58113,  58121,  58134,  58147,  58159
  58164,  58183,  58185,  58188,  58193,  58202,  58203,  58237,  58240,  58264,  58273,  58276,  58291,  58301,  58305,  58309
  58319,  58335,  58345,  58373,  58383,  58391,  58396,  58405,  58409,  58412,  58424,  58435,  58437,  58443,  58447,  58453
  58461,  58467,  58474,  58475,  58484,  58486,  58510,  58532,  58573,  58578,  58608,  58617,  58621,  58622,  58634,  58650
  58669,  58686,  58696,  58705,  58709,  58720,  58726,  58750,  58777,  58800,  58803,  58806,  58812,  58819,  58820,  58827
  58837,  58866,  58872,  58876,  58885,  58914,  58918,  58929,  58940,  58973,  59000,  59011,  59023,  59053,  59067,  59086
  59087,  59100,  59113,  59139,  59159,  59178,  59199,  59206,  59217,  59227,  59231,  59238,  59260,  59261,  59276,  59295
  59303,  59330,  59358,  59372,  59382,  59423,  59436,  59538,  59606,  59609,  59612,  59628,  59638,  59646,  59650,  59664
  59669,  59674,  59722,  59757,  59758,  59763,  59790,  59803,  59814,  59816,  59824,  59825,  59884,  59888,  59892,  59897
  59919,  59923,  59953,  59969,  59975,  60000,  60016,  60040,  60074,  60096,  60106,  60147,  60171,  60181,  60195,  60200
  60201,  60228,  60230,  60233,  60243,  60247,  60274,  60298,  60353,  60379,  60394,  60420,  60428,  60434,  60451,  60483
  60493,  60507,  60550,  60570,  60636,  60640,  60690,  60692,  60712,  60723,  60729,  60738,  60772,  60780,  60785,  60849
  60853,  60857,  60895,  60901,  60918,  60926,  60938,  60941,  60968,  60996,  61006,  61007,  61014,  61022,  61023,  61043
  61052,  61053,  61078,  61098,  61099,  61105,  61109,  61127,  61141,  61152,  61160,  61187,  61200,  61203,  61261,  61265
  61304,  61322,  61324,  61357,  61358,  61366,  61380,  61387,  61392,  61397,  61400,  61406,  61414,  61419,  61421,  61439
  61446,  61461,  61473,  61493,  61502,  61552,  61555,  61569,  61584,  61591,  61600,  61611,  61612,  61621,  61654,  61655
  61657,  61660,  61673,  61686,  61694,  61696,  61702,  61714,  61734,  61744,  61752,  61756,  61780,  61801,  61813,  61827
  61840,  61841,  61842,  61849,  61873,  61883,  61907,  61927,  61949,  61958,  61964,  61968,  61996,  62000,  62009,  62017
  62046,  62053,  62058,  62067,  62080,  62094,  62107,  62134,  62138,  62142,  62181,  62208,  62217,  62227,  62240,  62281
  62283,  62344,  62345,  62360,  62368,  62372,  62385,  62394,  62395,  62404,  62440,  62447,  62498,  62501,  62517,  62521
  62530,  62538,  62542,  62571,  62616,  62627,  62630,  62687,  62695,  62703,  62730,  62741,  62745,  62752,  62772,  62805
  62807,  62813,  62869,  62887,  62895,  62907,  62959,  62961,  62981,  62989,  62993,  62995,  63039,  63052,  63081,  63099
  63107,  63110,  63136,  63168,  63251,  63283,  63284,  63292,  63293,  63332,  63358,  63380,  63411,  63421,  63438,  63440
  63446,  63448,  63450,  63480,  63495,  63500,  63504,  63548,  63559,  63569,  63603,  63628,  63634,  63642,  63654,  63662
  63688,  63689,  63735,  63736,  63739,  63750,  63759,  63761,  63767,  63777,  63781,  63808,  63813,  63814,  63821,  63825
  63846,  63856,  63876,  63884,  63898,  63904,  63911,  63915,  63921,  63923,  63945,  63947,  63971,  64025,  64028,  64039
  64044,  64054,  64085,  64110,  64121,  64125,  64128,  64150,  64152,  64187,  64228,  64235,  64280,  64283,  64297,  64304
  64323,  64330,  64331,  64332,  64355,  64357,  64359,  64381,  64389,  64424,  64433,  64447,  64454,  64481,  64485,  64523
  64533,  64534,  64547,  64548,  64559,  64560,  64564,  64579,  64587,  64590,  64610,  64622,  64629,  64641,  64649,  64651
  64654,  64681,  64683,  64692,  64710,  64716,  64725,  64769,  64788,  64792,  64794,  64806,  64827,  64844,  64857,  64860
  64862,  64865,  64872,  64884,  64943,  64954,  64973,  64994,  64998,  65017,  65018,  65029,  65037,  65050,  65051,  65060
  65064,  65088,  65108,  65112,  65117,  65125,  65132,  65145,  65153,  65163,  65197,  65209,  65211,  65244,  65260,  65271
  65275,  65310,  65338,  65342,  65371,  65389,  65396,  65413,  65462,  65472,  65484,  65493,  65592,  65618,  65628,  65672
  65681,  65709,  65710,  65762,  65781,  65814,  65829,  65832,  65846,  65850,  65853,  65892,  65894,  65899,  65900,  65971
  66008,  66009,  66012,  66020,  66072,  66100,  66107,  66117,  66118,  66121,  66153,  66154,  66202,  66208,  66216,  66229
  66243,  66244,  66256,  66267,  66270,  66272,  66287,  66301,  66312,  66322,  66330,  66339,  66340,  66358,  66362,  66367
  66399,  66401,  66408,  66426,  66434,  66455,  66481,  66484,  66518,  66541,  66568,  66569,  66605,  66625,  66628,  66634
  66655,  66660,  66672,  66682,  66689,  66699,  66700,  66738,  66742,  66788,  66795,  66811,  66828,  66833,  66843,  66861
  66888,  66908,  66916,  66937,  66946,  66955,  66959,  66974,  66978,  66982,  66986,  66992,  67000,  67009,  67017,  67018
  67030,  67035,  67049,  67054,  67063,  67065,  67074,  67084,  67086,  67094,  67096,  67153,  67163,  67170,  67179,  67181
  67182,  67197,  67198,  67203,  67221,  67222,  67251,  67255,  67275,  67285,  67304,  67311,  67315,  67317,  67347,  67353
  67357,  67390,  67442,  67448,  67469,  67477,  67478,  67491,  67501,  67509,  67518,  67540,  67546,  67554,  67564,  67574
  67584,  67598,  67616,  67619,  67622,  67652,  67658,  67666,  67689,  67697,  67718,  67738,  67749,  67772,  67782,  67784
  67787,  67804,  67839,  67842,  67851,  67857,  67915,  67920,  67948,  67949,  67967,  67987,  68056,  68072,  68074,  68083
  68092,  68153,  68174,  68176,  68194,  68217,  68227,  68228,  68240,  68257,  68281,  68305,  68331,  68354,  68366,  68381
  68389,  68390,  68391,  68408,  68438,  68449,  68452,  68491,  68506,  68508,  68526,  68551,  68569,  68582,  68593,  68596
  68619,  68637,  68639,  68663,  68665,  68673,  68682,  68690,  68703,  68708,  68721,  68726,  68736,  68749,  68799,  68825
  68831,  68876,  68886,  68887,  68910,  68923,  68926,  68944,  68950,  69004,  69010,  69024,  69026,  69044,  69069,  69078
  69111,  69117,  69127,  69133,  69139,  69141,  69159,  69169,  69188,  69189,  69207,  69211,  69218,  69244,  69246,  69257
  69289,  69294,  69303,  69338,  69360,  69379,  69408,  69413,  69417,  69428,  69430,  69458,  69464,  69466,  69501,  69509
  69529,  69533,  69549,  69595,  69602,  69623,  69629,  69630,  69727,  69728,  69730,  69756,  69760,  69763,  69768,  69824
  69848,  69854,  69873,  69879,  69882,  69896,  69945,  69961,  69962,  69969,  69981,  69984,  70002,  70029,  70041,  70086
  70087,  70143,  70146,  70153,  70161,  70179,  70212,  70222,  70298,  70320,  70365,  70370,  70396,  70403,  70415,  70417
  70425,  70436,  70480,  70486,  70490,  70494,  70497,  70502,  70527,  70530,  70542,  70580,  70595,  70598,  70622,  70663
  70667,  70678,  70679,  70690,  70701,  70734,  70738,  70755,  70761,  70768,  70769,  70776,  70806,  70811,  70825,  70843
  70852,  70888,  70897,  70908,  70919,  70924,  70940,  70943,  70952,  70963,  70966,  70967,  70972,  71001,  71018,  71031
  71040,  71043,  71098,  71118,  71125,  71126,  71127,  71135,  71146,  71158,  71169,  71185,  71192,  71202,  71269,  71270
  71275,  71279,  71298,  71310,  71333,  71346,  71349,  71350,  71371,  71398,  71405,  71416,  71429,  71443,  71468,  71469
  71471,  71481,  71486,  71489,  71492,  71494,  71509,  71520,  71539,  71556,  71558,  71562,  71577,  71581,  71613,  71618
  71712,  71713,  71720,  71731,  71736,  71740,  71743,  71758,  71770,  71798,  71825,  71834,  71853,  71854,  71871,  71876
  71888,  71902,  71921,  71939,  71943,  71951,  72007,  72013,  72033,  72044,  72066,  72071,  72093,  72123,  72163,  72183
  72188,  72190,  72202,  72210,  72211,  72225,  72229,  72233,  72234,  72241,  72252,  72257,  72265,  72272,  72307,  72315
  72333,  72359,  72376,  72390,  72404,  72407,  72421,  72423,  72438,  72449,  72463,  72465,  72471,  72476,  72494,  72512
  72513,  72516,  72565,  72628,  72665,  72688,  72689,  72691,  72696,  72715,  72725,  72754,  72785,  72804,  72816,  72858
  72890,  72927,  72928,  72936,  72939,  72947,  72952,  72974,  73006,  73024,  73040,  73049,  73056,  73077,  73086,  73097
  73108,  73121,  73124,  73137,  73149,  73155,  73164,  73170,  73210,  73225,  73231,  73246,  73249,  73252,  73269,  73290
  73300,  73330,  73335,  73338,  73361,  73372,  73388,  73402,  73413,  73426,  73436,  73439,  73441,  73461,  73488,  73535
  73544,  73547,  73555,  73561,  73574,  73580,  73587,  73603,  73606,  73614,  73623,  73662,  73672,  73678,  73708,  73732
  73738,  73755,  73769,  73787,  73791,  73814,  73883,  73891,  73900,  73911,  73916,  73945,  73996,  73997,  74007,  74012
  74021,  74024,  74044,  74088,  74099,  74105,  74129,  74135,  74139,  74155,  74171,  74172,  74181,  74191,  74227,  74236
  74246,  74249,  74252,  74259,  74265,  74310,  74317,  74359,  74375,  74407,  74431,  74434,  74447,  74456,  74474,  74489
  74520,  74556,  74562,  74573,  74585,  74607,  74609,  74621,  74627,  74647,  74648,  74671,  74678,  74683,  74705,  74711
  74715,  74733,  74737,  74761,  74772,  74779,  74785,  74815,  74816,  74818,  74825,  74828,  74831,  74841,  74856,  74861
  74871,  74883,  74899,  74918,  74923,  74928,  74978,  74986,  74991,  74996,  74999,  75004,  75014,  75021,  75022,  75041
  75056,  75071,  75086,  75087,  75092,  75132,  75155,  75157,  75191,  75207,  75212,  75221,  75224,  75240,  75248,  75255
  75256,  75274,  75289,  75309,  75329,  75338,  75350,  75360,  75398,  75406,  75407,  75409,  75413,  75474,  75475,  75495
  75503,  75513,  75524,  75525,  75530,  75540,  75542,  75561,  75572,  75581,  75586,  75593,  75599,  75615,  75623,  75649
  75654,  75664,  75680,  75687,  75690,  75699,  75733,  75734,  75756,  75786,  75798,  75809,  75814,  75825,  75842,  75860
  75890,  75903,  75908,  75923,  75926,  75934,  75948,  75967,  76013,  76015,  76016,  76048,  76054,  76063,  76065,  76090
  76095,  76103,  76104,  76129,  76150,  76153,  76154,  76156,  76163,  76173,  76196,  76204,  76215,  76228,  76230,  76236
  76273,  76274,  76303,  76310,  76347,  76350,  76360,  76416,  76418,  76440,  76449,  76473,  76502,  76524,  76529,  76532
  76557,  76562,  76582,  76603,  76623,  76636,  76644,  76648,  76696,  76713,  76740,  76780,  76794,  76796,  76813,  76816
  76861,  76869,  76877,  76878,  76881,  76923,  76953,  76962,  76980,  76993,  77020,  77041,  77052,  77063,  77085,  77090
  77108,  77114,  77119,  77146,  77154,  77190,  77196,  77202,  77242,  77253,  77264,  77292,  77301,  77312,  77328,  77343
  77344,  77373,  77384,  77388,  77404,  77408,  77410,  77435,  77461,  77463,  77494,  77517,  77524,  77530,  77536,  77537
  77544,  77546,  77567,  77579,  77583,  77588,  77594,  77613,  77618,  77707,  77770,  77792,  77804,  77805,  77816,  77817
  77854,  77860,  77869,  77873,  77879,  77880,  77895,  77898,  77904,  77914,  77915,  77934,  77946,  77949,  77987,  77990
  78022,  78060,  78097,  78101,  78125,  78138,  78167,  78190,  78194,  78225,  78233,  78265,  78266,  78267,  78275,  78285
  78287,  78298,  78314,  78321,  78337,  78345,  78358,  78366,  78370,  78371,  78380,  78387,  78432,  78461,  78469,  78505
  78534,  78539,  78546,  78562,  78594,  78596,  78600,  78620,  78627,  78632,  78638,  78647,  78652,  78656,  78662,  78666
  78671,  78679,  78685,  78686,  78688,  78700,  78705,  78715,  78730,  78741,  78742,  78765,  78773,  78801,  78824,  78834
  78836,  78858,  78872,  78895,  78923,  78928,  78930,  78933,  78939,  78950,  78958,  78994,  79013,  79017,  79024,  79026
  79036,  79037,  79042,  79043,  79052,  79066,  79082,  79083,  79093,  79094,  79113,  79124,  79147,  79170,  79171,  79174
  79186,  79188,  79198,  79211,  79218,  79219,  79233,  79250,  79268,  79276,  79281,  79305,  79310,  79327,  79345,  79351
  79354,  79360,  79372,  79393,  79419,  79435,  79445,  79502,  79524,  79531,  79554,  79567,  79570,  79572,  79621,  79624
  79639,  79640,  79648,  79663,  79664,  79678,  79685,  79688,  79693,  79703,  79717,  79734,  79739,  79765,  79774,  79782
  79794,  79796,  79798,  79806,  79824,  79853,  79854,  79864,  79922,  79933,  79971,  79988,  79992,  80027,  80035,  80051
  80053,  80066,  80077,  80112,  80120,  80126,  80127,  80150,  80151,  80161,  80195,  80248,  80263,  80306,  80314,  80336
  80338,  80389,  80393,  80413,  80422,  80434,  80437,  80447,  80452,  80515,  80525,  80536,  80544,  80550,  80559,  80609
  80644,  80652,  80663,  80690,  80709,  80723,  80749,  80764,  80775,  80787,  80789,  80800,  80805,  80821,  80831,  80839
  80840,  80864,  80865,  80906,  80924,  80940,  80967,  80973,  80978,  81005,  81045,  81050,  81055,  81066,  81073,  81075
  81087,  81105,  81113,  81148,  81152,  81155,  81168,  81196,  81207,  81220,  81228,  81262,  81266,  81276,  81278,  81301
  81306,  81322,  81328,  81336,  81343,  81358,  81371,  81376,  81378,  81500,  81501,  81503,  81505,  81531,  81566,  81580
  81597,  81616,  81618,  81653,  81655,  81659,  81668,  81673,  81674,  81686,  81689,  81693,  81762,  81773,  81782,  81784
  81791,  81818,  81869,  81884,  81899,  81917,  81935,  81936,  81940,  81970,  81971,  81977,  82001,  82021,  82028,  82057
  82074,  82097,  82111,  82113,  82127,  82146,  82154,  82160,  82167,  82173,  82180,  82197,  82217,  82231,  82243,  82261
  82269,  82275,  82286,  82295,  82296,  82302,  82311,  82331,  82402,  82508,  82512,  82559,  82580,  82650,  82659,  82660
  82669,  82674,  82680,  82711,  82715,  82752,  82755,  82776,  82801,  82858,  82868,  82873,  82902,  82918,  82930,  82964
  82968,  82985,  82990,  83015,  83016,  83041,  83045,  83052,  83061,  83066,  83146,  83165,  83175,  83195,  83196,  83201
  83209,  83213,  83243,  83265,  83267,  83280,  83293,  83314,  83338,  83346,  83361,  83365,  83408,  83422,  83430,  83432
  83442,  83444,  83454,  83476,  83485,  83511,  83533,  83575,  83594,  83623,  83640,  83673,  83676,  83679,  83698,  83714
  83721,  83728,  83746,  83747,  83763,  83781,  83785,  83790,  83832,  83850,  83859,  83865,  83867,  83901,  83958,  83961
  84005,  84008,  84040,  84044,  84136,  84168,  84180,  84239,  84268,  84275,  84284,  84290,  84297,  84310,  84326,  84394
  84397,  84409,  84420,  84422,  84423,  84430,  84446,  84451,  84475,  84485,  84514,  84518,  84526,  84531,  84536,  84569
  84572,  84582,  84592,  84595,  84607,  84666,  84670,  84672,  84677,  84685,  84715,  84722,  84733,  84778,  84799,  84830
  84840,  84847,  84850,  84882,  84887,  84890,  84893,  84914,  84927,  84941,  84955,  84959,  84978,  84979,  84981,  85003
  85017,  85027,  85043,  85070,  85114,  85140,  85149,  85156,  85157,  85161,  85173,  85197,  85230,  85335,  85356,  85369
  85374,  85399,  85406,  85412,  85477,  85495,  85515,  85543,  85548,  85573,  85587,  85600,  85616,  85620,  85639,  85685
  85687,  85696,  85704,  85760,  85826,  85838,  85855,  85865,  85870,  85872,  85901,  85918,  86010,  86035,  86050,  86056
  86167,  86185,  86191,  86204,  86224,  86229,  86236,  86240,  86293,  86318,  86329,  86341,  86344,  86372,  86386,  86390
  86415,  86430,  86463,  86464,  86477,  86479,  86498,  86503,  86538,  86545,  86569,  86590,  86617,  86642,  86648,  86651
  86660,  86663,  86664,  86668,  86739,  86753,  86773,  86774,  86812,  86841,  86846,  86854,  86859,  86870,  86873,  86888
  86911,  86918,  86926,  86937,  86945,  86947,  86965,  86970,  86992,  87004,  87005,  87011,  87038,  87043,  87057,  87061
  87062,  87073,  87113,  87114,  87120,  87124,  87126,  87136,  87141,  87150,  87158,  87187,  87189,  87247,  87307,  87312
  87350,  87366,  87367,  87387,  87396,  87472,  87481,  87526,  87539,  87599,  87601,  87640,  87641,  87659,  87665,  87669
  87673,  87713,  87762,  87791,  87797,  87799,  87827,  87839,  87842,  87855,  87885,  87900,  87912,  87949,  87986,  87989
  87991,  88009,  88038,  88073,  88074,  88094,  88127,  88190,  88228,  88252,  88262,  88272,  88300,  88309,  88374,  88398
  88441,  88463,  88481,  88482,  88513,  88515,  88576,  88595,  88606,  88653,  88665,  88745,  88784,  88796,  88799,  88808
  88814,  88859,  88896,  88898,  88912,  88967,  89011,  89047,  89053,  89060,  89067,  89084,  89089,  89101,  89109,  89112
  89114,  89116,  89148,  89158,  89161,  89166,  89174,  89180,  89272,  89275,  89283,  89284,  89324,  89334,  89355,  89385
  89414,  89513,  89544,  89556,  89561,  89575,  89603,  89620,  89688,  89705,  89747,  89768,  89770,  89783,  89812,  89821
  89833,  89848,  89878,  89922,  89939,  89947,  89953,  89965,  89973,  89993,  90000,  90002,  90009,  90022,  90051,  90097
  90103,  90132,  90144,  90172,  90186,  90250,  90266,  90280,  90320,  90324,  90347,  90351,  90354,  90361,  90400,  90401
  90415,  90416,  90487,  90509,  90521,  90553,  90554,  90556,  90558,  90571,  90595,  90608,  90644,  90654,  90684,  90686
  90731,  90769,  90771,  90781,  90825,  90863,  90866,  90938,  90974,  90998,  91031,  91037,  91077,  91080,  91161,  91211
  91287,  91305,  91322,  91353,  91389,  91501,  91512,  91514,  91536,  91602,  91640,  91655,  91701,  91706,  91759,  91760
  91764,  91771,  91793,  91798,  91843,  91848,  91870,  91898,  91934,  91964,  92061,  92068,  92074,  92105,  92111,  92138
  92173,  92191,  92197,  92204,  92219,  92256,  92262,  92271,  92326,  92357,  92376,  92378,  92405,  92412,  92422,  92435
  92445,  92455,  92492,  92497,  92537,  92564,  92572,  92637,  92652,  92667,  92669,  92688,  92693,  92696,  92715,  92739
  92749,  92756,  92780,  92808,  92820,  92850,  92890,  92912,  92951,  92963,  92974,  92976,  93019,  93022,  93050,  93085
  93103,  93130,  93162,  93168,  93203,  93220,  93223,  93232,  93271,  93318,  93322,  93357,  93366,  93410,  93411,  93414
  93448,  93452,  93455,  93460,  93479,  93536,  93559,  93566,  93576,  93590,  93609,  93658,  93684,  93706,  93717,  93731
  93748,  93764,  93769,  93825,  93854,  93869,  93871,  93878,  93891,  93919,  93929,  93936,  93956,  93957,  93965,  93975
  93997,  94025,  94038,  94062,  94100,  94121,  94124,  94143,  94144,  94222,  94227,  94232,  94238,  94239,  94243,  94248
  94252,  94339,  94356,  94358,  94364,  94422,  94453,  94497,  94504,  94505,  94529,  94548,  94549,  94554,  94565,  94569
  94591,  94602,  94608,  94626,  94672,  94689,  94699,  94703,  94705,  94708,  94711,  94725,  94731,  94746,  94753,  94769
  94823,  94834,  94837,  94864,  94888,  94944,  94955,  94972,  94973,  94989,  94992,  94998,  95002,  95005,  95021,  95026
  95027,  95077,  95091,  95107,  95115,  95122,  95162,  95209,  95251,  95256,  95260,  95269,  95284,  95321,  95330,  95351
  95401,  95405,  95442,  95443,  95447,  95472,  95477,  95539,  95548,  95567,  95584,  95597,  95604,  95609,  95616,  95635
  95655,  95664,  95668,  95670,  95692,  95695,  95698,  95708,  95713,  95719,  95722,  95801,  95804,  95815,  95824,  95826
  95836,  95875,  95877,  95891,  95921,  95999,  96010,  96012,  96021,  96025,  96026,  96027,  96040,  96078,  96082,  96086
  96105,  96109,  96134,  96139,  96142,  96145,  96153,  96165,  96181,  96201,  96208,  96248,  96251,  96258,  96281,  96289
  96293,  96306,  96309,  96316,  96325,  96344,  96350,  96355,  96373,  96402,  96404,  96408,  96430,  96478,  96516,  96526
  96631,  96637,  96647,  96728,  96731,  96740,  96779,  96789,  96791,  96797,  96810,  96841,  96847,  96916,  96932,  96960
  96961,  96967,  96969,  96974,  96979,  97082,  97153,  97155,  97160,  97221,  97243,  97268,  97302,  97352,  97374,  97426
  97448,  97474,  97500,  97516,  97521,  97528,  97535,  97558,  97608,  97616,  97672,  97677,  97697,  97703,  97707,  97762
  97856,  97873,  97891,  97893,  97897,  97953,  97997,  98016,  98024,  98052,  98063,  98096,  98126,  98151,  98197,  98207
  98209,  98221,  98234,  98245,  98300,  98320,  98343,  98356,  98370,  98448,  98520,  98527,  98577,  98610,  98614,  98628
  98656,  98710,  98722,  98730,  98757,  98761,  98830,  98875,  98924,  98925,  98931,  98938,  98957,  98963,  99022,  99042
  99048,  99065,  99095,  99149,  99176,  99231,  99256,  99263,  99268,  99279,  99286,  99303,  99323,  99344,  99424,  99454
  99504,  99545,  99587,  99692,  99698,  99739,  99790,  99813,  99815,  99863,  99869,  99874,  99938,  99942,  99952,  99957
  99959,  99973,  99981,  99982,  99998, 100019, 100029, 100105, 100112, 100120, 100122, 100152, 100164, 100197, 100203, 100216
 100226, 100281, 100301, 100385, 100423, 100440, 100458, 100487, 100493, 100506, 100511, 100516, 100530, 100562, 100572, 100586
 100600, 100613, 100645, 100660, 100672, 100694, 100697, 100702, 100779, 100796, 100809, 100820, 100822, 100865, 100873, 100881
 100930, 100939, 100966, 100997, 101019, 101025, 101048, 101061, 101063, 101067, 101072, 101107, 101206, 101207, 101225, 101270
 101348, 101353, 101383, 101440, 101455, 101458, 101473, 101481, 101495, 101552, 101557, 101609, 101660, 101670, 101700, 101731
 101755, 101758, 101760, 101793, 101815, 101915, 101967, 101972, 102070, 102128, 102152, 102231, 102239, 102255, 102259, 102329
 102330, 102331, 102403, 102421, 102423, 102479, 102490, 102492, 102516, 102545, 102568, 102595, 102609, 102678, 102679, 102693
 102714, 102727, 102733, 102798, 102818, 102824, 102838, 102840, 102844, 102906, 102908, 102910, 102959, 103017, 103048, 103053
 103103, 103113, 103144, 103157, 103187, 103222, 103225, 103226, 103230, 103248, 103314, 103327, 103331, 103385, 103431, 103462
 103471, 103508, 103515, 103528, 103531, 103562, 103595, 103602, 103609, 103619, 103659, 103722, 103751, 103757, 103777, 103810
 103826, 103882, 103915, 103933, 103951, 103961, 103965, 103990, 103992, 104024, 104026, 104042, 104070, 104072, 104094, 104103
 104113, 104156, 104157, 104196, 104198, 104216, 104223, 104227, 104231, 104253, 104269, 104286, 104291, 104292, 104307, 104334
 104336, 104347, 104356, 104363, 104388, 104416, 104456, 104481, 104493, 104510, 104597, 104605, 104673, 104711, 104732, 104799
 104805, 104836, 104858, 104870, 104884, 104898, 104899, 104918, 104947, 104963, 104998, 105001, 105048, 105066, 105091, 105128
 105154, 105175, 105179, 105181, 105183, 105199, 105270, 105284, 105336, 105352, 105357, 105383, 105385, 105399, 105401, 105406
 105456, 105457, 105559, 105569, 105591, 105787, 105824, 105860, 105889, 105941, 105996, 106012, 106030, 106058, 106060, 106068
 106326, 106411, 106467, 106616, 106735, 106963, 107026, 107027, 107064, 107087, 107196, 107264, 107286, 107324, 107336, 107422
 107498, 107554, 107599, 107637, 107665, 107723, 107726, 107816, 107947, 107956, 107973, 108001, 108023, 108199, 108249, 108264
 108306, 108311, 108314, 108316, 108417, 108492, 108565, 108615, 108648, 108852, 108992, 109374, 109420, 109458, 109502, 109656
 109716, 109798, 109856, 109910, 109987, 109989, 110054, 110119, 110129, 110210, 110212, 110214, 110241, 110259, 110373, 110376
 110450, 110462, 110533, 110605, 110608, 110634, 110654, 110671, 110729, 110791, 110816, 110839, 110854, 110936, 111067, 111182
 111381, 111449, 111489, 111520, 111536, 111613, 111634, 111671, 111686, 111777, 111815, 111891, 111973, 112012, 112097, 112121
 112154, 112190, 112268, 112343, 112386, 112414, 112430, 112503, 112535, 112538, 112559, 112890, 112895, 112904, 113012, 113078
 113106, 113285, 113291, 113299, 113382, 113499, 113615, 113620, 113635, 113672, 113709, 113719, 113730, 113798, 113809, 113811
 113865, 113926, 113949, 114007, 114011, 114067, 114161, 114333, 114533, 114561, 114602, 114893, 114996, 114998, 115004, 115071
 115091, 115125, 115248, 115390, 115485, 115604, 115686, 115688, 115847, 115883, 115931, 115979, 116066, 116257, 116391, 116474
 116520, 116684, 116715, 116982, 117050, 117164, 117243, 117278, 117337, 117485, 117523, 117526, 117610, 117678, 117735, 117838
 117891, 118005, 118143, 118161, 118169, 118242, 118280, 118371, 118564, 118991, 119025, 119104, 119203, 119357, 119367, 119428
 119466, 119618, 119711, 119830, 119936, 119957, 119995, 120083, 120162, 120177, 120188, 120303, 120414, 120486, 120529, 120618
 120639, 120707, 120852, 120962, 120989, 121018, 121059, 121076, 121093, 121334, 121481, 121749, 121816, 121835, 122105, 122108
 122202, 122278, 122299, 122359, 122392, 122394, 122398, 122417, 122458, 122494, 122541, 122548, 122999, 123018, 123238, 123349
 123542, 123658, 123895, 123974, 124065, 124067, 124126, 124552, 124652, 124690, 124754, 124983, 125218, 125221, 125274, 125375
 125418, 125440, 125597, 125614, 125677, 125705, 125845, 125888, 125963, 125971, 126047, 126151, 126356, 126428, 126612, 126676
 126709, 127249, 127304, 127388, 127744, 127881, 127897, 128213, 128291, 128296, 128351, 128469, 128911, 129072, 129073, 129098
 129099, 129533, 129593, 129675, 129676, 129886, 130208, 130463, 130620, 130629, 130811, 130913, 131244, 131378, 131409, 131536
 131541, 131577, 131594, 131719, 131941, 132102, 132177, 132210, 132532, 132708, 132760, 133034, 133407, 133617, 133806, 133959
 134020, 134652, 134653, 134750, 134774, 134843, 135047, 135197, 135269, 135398, 135649, 135706, 136115, 136152, 136463, 136876
 136894, 136907, 137094, 137135, 137150, 137401, 137702, 137771, 138133, 138176, 138574, 139133, 139317, 139422, 139657, 139725
 139727, 139758, 140104, 140109, 141048, 141178, 141222, 141563, 141674, 141726, 141852, 141984, 142451, 142664, 142669, 142858
 142924, 143079, 143149, 143843, 144019, 144032, 144118, 144152, 144197, 144262, 144569, 144588, 144705, 144737, 144770, 145054
 145086, 145123, 145124, 145305, 145362, 145433, 145474, 145749, 146540, 146553, 146554, 146588, 146589, 146782, 146789, 146856
 147027, 147222, 147662, 147739, 147874, 147888, 148000, 148044, 148057, 148418, 148436, 148532, 148569, 149481, 150277, 150299
 150492, 150680, 150770, 150791, 150816, 150899, 150900, 150908, 150911, 151064, 151467, 151988, 152359, 152444, 153002, 153329
 153347, 153348, 153486, 153818, 154461, 154499, 154525, 154572, 155056, 155069, 155085, 155212, 155240, 155308, 155501, 156117
 156354, 156607, 156623, 156629, 156888, 157889, 157896, 158211, 158330, 158579, 159451, 159680, 159922, 160058, 160515, 160709
 160798, 160838, 161044, 161672, 161822, 162303, 162881, 163171, 163409, 163462, 163505, 163537, 164484, 164672, 164695, 164870
 165133, 165431, 166136, 166143, 166219, 166277, 166448, 166529, 167432, 167742, 168102, 168204, 169005, 169059, 169267, 169628
 169652, 169693, 169852, 169976, 170793, 170809, 170837, 170908, 171021, 171317, 171318, 171744, 172216, 172311, 172788, 173159
 173361, 173400, 173803, 173944, 174169, 174271, 174353, 174670, 175059, 175164, 175343, 175534, 176450, 176605, 178098, 178428
 179006, 179186, 179259, 179321, 179607, 179702, 179791, 180361, 180401, 180588, 180630, 180797, 180999, 181670, 182197, 183111
 183487, 183773, 183784, 184159, 184319, 184770, 185477, 185579, 186045, 186232, 186286, 186655, 187205, 187210, 187484, 187705
 187934, 188260, 188309, 188337, 188404, 188633, 189295, 189618, 189979, 190791, 191549, 192262, 192328, 192725, 192866, 194242
 194714, 194857, 194865, 194949, 195470, 195598, 195616, 195619, 195769, 195845, 196233, 196280, 196292, 196351, 196509, 197700
 197826, 197971, 198018, 199527, 199817, 200041, 200207, 200405, 200455, 200819, 201576, 201796, 202085, 202274, 204425, 204588
 205064, 205080, 205223, 205236, 206568, 207109, 207118, 208295, 208753, 208787, 208805, 209303, 209351, 209577, 209710, 209719
 210548, 210944, 211683, 212245, 212667, 212689, 213045, 213190, 214060, 214104, 215174, 215386, 215403, 215533, 215848, 215856
 216158, 216612, 217239, 217818, 217840, 217960, 218180, 218570, 219426, 219762, 220057, 221213, 221421, 221468, 221854, 221878
 222408, 222839, 223279, 223671, 225284, 225567, 225969, 226308, 226872, 227326, 227962, 227977, 227979, 228168, 228191, 228753
 230520, 230960, 231604, 231750, 232314, 232319, 232949, 233176, 234560, 234791, 235949, 236361, 238861, 239628, 240696, 240931
 241845, 242202, 244107, 245411, 247147, 250079, 250555, 250601, 250603, 250607, 250618, 250624, 250713, 250716, 250737, 250806
 250820, 250826, 251013, 251068, 251101, 251509, 251526, 251563, 251583, 251608, 251616, 251618, 251684, 251697, 251744, 251772
 252038, 252117, 252252, 252276, 252296, 252392, 252439, 252455, 252493, 252509, 252614,0,0,0,0,0