      7,     18,     37,     43,     45,     52,     58,     62,     70,     91,     98,    113,    117,    123,    124,    135
    139,    141,    146,    161,    164,    196,    203,    223,    242,    253,    268,    275,    294,    314,    325,    343
    353,    357,    364,    367,    380,    381,    393,    394,    399,    408,    413,    415,    429,    432,    439,    442
    456,    457,    468,    470,    480,    512,    520,    546,    550,    559,    561,    565,    590,    594,    609,    623
    646,    649,    660,    662,    674,    675,    683,    686,    717,    728,    733,    735,    740,    755,    759,    766
    774,    780,    817,    830,    833,    863,    880,    885,    890,    896,    902,    918,    926,    959,    961,    966
    974,    979,    983,    994,    995,   1024,   1027,   1028,   1043,   1081,   1090,   1096,   1112,   1119,   1135,   1136
   1139,   1161,   1165,   1176,   1188,   1190,   1198,   1207,   1223,   1225,   1227,   1228,   1241,   1249,   1269,   1276
   1305,   1318,   1326,   1341,   1354,   1355,   1366,   1373,   1407,   1412,   1414,   1431,   1435,   1436,   1437,   1446
   1475,   1481,   1488,   1511,   1514,   1532,   1536,   1541,   1548,   1552,   1597,   1602,   1623,   1656,   1663,   1664
   1673,   1681,   1698,   1702,   1712,   1728,   1729,   1736,   1744,   1770,   1781,   1787,   1789,   1795,   1796,   1801
   1806,   1831,   1843,   1852,   1872,   1875,   1911,   1926,   1928,   1929,   1966,   1971,   1984,   2001,   2007,   2008
   2010,   2027,   2029,   2030,   2043,   2056,   2074,   2089,   2097,   2122,   2125,   2131,   2145,   2175,   2177,   2178
   2199,   2210,   2222,   2252,   2257,   2260,   2265,   2269,   2274,   2278,   2285,   2310,   2329,   2333,   2341,   2349
   2369,   2394,   2396,   2401,   2425,   2427,   2434,   2436,   2469,   2495,   2510,   2514,   2540,   2560,   2568,   2591
   2598,   2620,   2637,   2679,   2682,   2697,   2698,   2705,   2710,   2727,   2731,   2769,   2771,   2777,   2799,   2802
   2803,   2820,   2822,   2844,   2868,   2888,   2891,   2893,   2902,   2904,   2907,   2910,   2923,   2937,   2941,   2954
   2955,   2965,   2968,   2972,   2984,   2989,   2991,   3017,   3026,   3028,   3073,   3083,   3086,   3095,   3100,   3101
   3121,   3125,   3133,   3155,   3167,   3173,   3175,   3183,   3192,   3200,   3204,   3209,   3210,   3216,   3220,   3251
   3262,   3265,   3266,   3271,   3274,   3302,   3309,   3348,   3354,   3369,   3394,   3410,   3423,   3435,   3438,   3469
   3474,   3480,   3494,   3505,   3510,   3517,   3535,   3536,   3557,   3567,   3572,   3583,   3586,   3595,   3623,   3634
   3644,   3667,   3673,   3674,   3687,   3691,   3699,   3717,   3728,   3733,   3735,   3738,   3742,   3747,   3751,   3784
   3790,   3799,   3813,   3825,   3843,   3859,   3860,   3870,   3884,   3886,   3887,   3902,   3911,   3922,   3924,   3938
   3948,   3953,   3956,   3978,   3987,   3991,   3999,   4016,   4025,   4032,   4040,   4042,   4044,   4045,   4046,   4049
   4055,   4072,   4085,   4099,   4100,   4109,   4119,   4120,   4137,   4142,   4145,   4151,   4153,   4172,   4211,   4223
   4284,   4294,   4300,   4305,   4322,   4337,   4341,   4360,   4372,   4381,   4402,   4404,   4408,   4428,   4432,   4433
   4449,   4451,   4454,   4461,   4467,   4472,   4475,   4481,   4485,   4486,   4489,   4497,   4507,   4508,   4509,   4513
   4515,   4539,   4556,   4558,   4568,   4589,   4591,   4609,   4623,   4627,   4642,   4654,   4658,   4659,   4661,   4673
   4697,   4702,   4708,   4715,   4740,   4755,   4763,   4764,   4780,   4787,   4802,   4836,   4841,   4849,   4850,   4857
   4864,   4872,   4881,   4894,   4900,   4902,   4910,   4914,   4933,   4964,   4977,   4989,   4990,   5001,   5004,   5021
   5043,   5045,   5053,   5059,   5063,   5082,   5094,   5117,   5136,   5159,   5199,   5200,   5203,   5209,   5210,   5213
   5234,   5237,   5239,   5240,   5260,   5283,   5292,   5308,   5326,   5348,   5373,   5374,   5411,   5420,   5437,   5474
   5487,   5494,   5495,   5496,   5516,   5539,   5540,   5550,   5558,   5576,   5592,   5595,   5611,   5653,   5655,   5671
   5673,   5678,   5704,   5706,   5724,   5733,   5740,   5741,   5748,   5750,   5753,   5779,   5780,   5792,   5802,   5807
   5810,   5812,   5813,   5817,   5830,   5835,   5840,   5847,   5855,   5859,   5880,   5899,   5907,   5922,   5932,   5947
   5969,   6010,   6011,   6012,   6013,   6020,   6022,   6032,   6072,   6093,   6111,   6122,   6149,   6164,   6190,   6195
   6205,   6213,   6215,   6224,   6233,   6249,   6270,   6279,   6282,   6303,   6326,   6335,   6372,   6391,   6412,   6415
   6436,   6447,   6452,   6471,   6474,   6497,   6499,   6510,   6515,   6521,   6524,   6556,   6565,   6583,   6589,   6598
   6615,   6619,   6621,   6624,   6631,   6665,   6685,   6701,   6707,   6710,   6718,   6720,   6727,   6733,   6758,   6759
   6765,   6793,   6800,   6813,   6822,   6823,   6827,   6829,   6830,   6874,   6885,   6899,   6918,   6920,   6942,   6980
   6981,   6988,   6998,   7042,   7048,   7055,   7059,   7085,   7089,   7104,   7111,   7114,   7124,   7126,   7127,   7132
   7146,   7176,   7194,   7195,   7224,   7259,   7265,   7273,   7278,   7279,   7280,   7287,   7288,   7296,   7306,   7310
   7315,   7337,   7341,   7361,   7362,   7373,   7381,   7386,   7388,   7396,   7404,   7410,   7444,   7450,   7474,   7488
   7489,   7491,   7504,   7526,   7528,   7532,   7536,   7580,   7582,   7584,   7599,   7632,   7690,   7692,   7714,   7768
   7778,   7782,   7785,   7805,   7811,   7814,   7826,   7850,   7865,   7882,   7885,   7891,   7900,   7920,   7928,   7940
   7962,   7981,   7990,   8007,   8008,   8019,   8023,   8034,   8036,   8043,   8047,   8059,   8075,   8076,   8089,   8091
   8113,   8124,   8158,   8180,   8211,   8223,   8229,   8231,   8234,   8242,   8245,   8247,   8249,   8291,   8298,   8355
   8357,   8360,   8368,   8380,   8384,   8393,   8402,   8424,   8438,   8442,   8447,   8468,   8485,   8486,   8514,   8534
   8541,   8542,   8558,   8562,   8572,   8583,   8588,   8595,   8611,   8620,   8643,   8645,   8676,   8689,   8691,   8696
   8697,   8702,   8706,   8722,   8737,   8760,   8775,   8779,   8780,   8783,   8786,   8788,   8804,   8808,   8809,   8810
   8813,   8835,   8845,   8860,   8869,   8877,   8893,   8901,   8903,   8905,   8918,   8925,   8930,   8941,   8944,   8946
   8960,   8971,   8980,   8982,   9002,   9004,   9010,   9012,   9037,   9039,   9068,   9080,   9088,   9090,   9106,   9119
   9152,   9164,   9165,   9166,   9178,   9182,   9183,   9186,   9187,   9230,   9244,   9249,   9264,   9284,   9285,   9292
   9297,   9300,   9315,   9317,   9323,   9338,   9344,   9347,   9363,   9378,   9404,   9415,   9426,   9435,   9440,   9446
   9455,   9465,   9468,   9473,   9491,   9501,   9503,   9533,   9546,   9547,   9558,   9572,   9590,   9609,   9623,   9625
   9630,   9632,   9634,   9638,   9639,   9641,   9650,   9654,   9658,   9663,   9685,   9727,   9735,   9767,   9780,   9801
   9817,   9830,   9833,   9859,   9866,   9870,   9875,   9893,   9895,   9900,   9918,   9930,   9934,   9935,   9936,   9947
   9953,   9994,  10006,  10008,  10010,  10012,  10014,  10032,  10041,  10047,  10048,  10064,  10078,  10110,  10112,  10119
  10134,  10136,  10154,  10158,  10171,  10173,  10193,  10198,  10206,  10207,  10210,  10235,  10238,  10251,  10253,  10254
  10256,  10260,  10261,  10262,  10273,  10277,  10279,  10281,  10283,  10301,  10311,  10318,  10326,  10338,  10339,  10347
  10350,  10380,  10390,  10394,  10402,  10431,  10435,  10440,  10463,  10477,  10481,  10487,  10502,  10531,  10534,  10535
  10549,  10554,  10556,  10557,  10560,  10562,  10566,  10569,  10584,  10616,  10624,  10641,  10642,  10647,  10657,  10662
  10674,  10701,  10706,  10711,  10725,  10738,  10741,  10753,  10754,  10755,  10760,  10761,  10774,  10780,  10781,  10787
  10793,  10832,  10839,  10840,  10859,  10866,  10870,  10873,  10877,  10879,  10888,  10906,  10923,  10943,  10949,  10973
  10976,  10985,  11004,  11027,  11028,  11035,  11037,  11040,  11049,  11065,  11085,  11100,  11111,  11126,  11133,  11135
  11146,  11152,  11160,  11161,  11164,  11179,  11184,  11189,  11230,  11231,  11241,  11246,  11261,  11281,  11321,  11334
  11336,  11356,  11373,  11409,  11431,  11432,  11433,  11440,  11451,  11455,  11478,  11484,  11496,  11524,  11542,  11551
  11555,  11568,  11592,  11605,  11613,  11621,  11629,  11638,  11652,  11656,  11662,  11674,  11707,  11710,  11724,  11743
  11748,  11754,  11766,  11769,  11770,  11796,  11797,  11805,  11834,  11848,  11850,  11863,  11864,  11874,  11885,  11905
  11912,  11923,  11929,  11941,  12001,  12015,  12026,  12040,  12059,  12060,  12070,  12085,  12087,  12099,  12103,  12111
  12126,  12132,  12150,  12159,  12168,  12180,  12190,  12200,  12225,  12227,  12229,  12230,  12235,  12243,  12247,  12262
  12264,  12276,  12288,  12297,  12298,  12310,  12318,  12337,  12345,  12350,  12370,  12378,  12385,  12402,  12405,  12406
  12425,  12434,  12437,  12446,  12457,  12473,  12486,  12500,  12505,  12509,  12512,  12525,  12544,  12549,  12551,  12563
  12564,  12569,  12574,  12608,  12610,  12621,  12632,  12650,  12665,  12671,  12678,  12691,  12705,  12707,  12709,  12718
  12720,  12731,  12735,  12743,  12779,  12787,  12792,  12798,  12804,  12807,  12811,  12817,  12839,  12878,  12888,  12905
  12916,  12923,  12924,  12963,  12966,  12979,  12982,  12989,  13033,  13036,  13040,  13041,  13045,  13055,  13076,  13078
  13086,  13102,  13108,  13110,  13120,  13148,  13159,  13182,  13185,  13210,  13220,  13224,  13227,  13252,  13254,  13261
  13270,  13331,  13334,  13335,  13336,  13345,  13346,  13355,  13356,  13357,  13360,  13362,  13368,  13371,  13374,  13384
  13404,  13406,  13410,  13415,  13427,  13430,  13431,  13443,  13444,  13446,  13503,  13509,  13513,  13515,  13517,  13519
  13523,  13553,  13554,  13574,  13582,  13593,  13595,  13596,  13619,  13626,  13629,  13634,  13640,  13651,  13661,  13663
  13667,  13669,  13676,  13724,  13728,  13738,  13741,  13747,  13766,  13776,  13791,  13800,  13823,  13832,  13836,  13844
  13868,  13872,  13884,  13885,  13899,  13900,  13906,  13908,  13928,  13939,  13961,  14001,  14023,  14031,  14035,  14067
  14068,  14084,  14087,  14093,  14101,  14116,  14117,  14133,  14136,  14141,  14146,  14150,  14176,  14181,  14189,  14192
  14198,  14199,  14204,  14208,  14218,  14227,  14230,  14243,  14253,  14271,  14282,  14284,  14286,  14288,  14289,  14292
  14293,  14297,  14300,  14303,  14327,  14332,  14334,  14344,  14354,  14355,  14359,  14360,  14361,  14392,  14427,  14434
  14435,  14466,  14467,  14471,  14476,  14492,  14506,  14514,  14552,  14567,  14570,  14580,  14605,  14615,  14616,  14621
  14637,  14641,  14669,  14670,  14672,  14688,  14698,  14719,  14768,  14774,  14790,  14809,  14810,  14835,  14850,  14859
  14862,  14865,  14925,  14934,  14959,  14963,  14967,  14984,  15012,  15015,  15016,  15027,  15029,  15039,  15085,  15122
  15131,  15135,  15137,  15145,  15148,  15173,  15180,  15186,  15187,  15210,  15212,  15224,  15233,  15241,  15255,  15269
  15274,  15281,  15292,  15317,  15318,  15320,  15331,  15343,  15346,  15361,  15374,  15375,  15387,  15405,  15418,  15427
  15431,  15432,  15439,  15441,  15445,  15482,  15489,  15497,  15506,  15514,  15523,  15529,  15549,  15571,  15590,  15597
  15616,  15623,  15625,  15631,  15647,  15656,  15658,  15678,  15681,  15683,  15693,  15694,  15706,  15722,  15723,  15732
  15737,  15741,  15752,  15753,  15755,  15771,  15772,  15773,  15781,  15783,  15792,  15794,  15817,  15848,  15856,  15874
  15885,  15918,  15931,  15945,  15947,  15969,  15983,  15996,  16015,  16022,  16034,  16044,  16072,  16077,  16112,  16116
  16125,  16149,  16175,  16176,  16184,  16189,  16194,  16211,  16224,  16225,  16258,  16259,  16273,  16298,  16314,  16325
  16332,  16351,  16359,  16382,  16396,  16401,  16404,  16420,  16425,  16429,  16438,  16440,  16441,  16443,  16452,  16464
  16470,  16475,  16478,  16501,  16517,  16532,  16534,  16542,  16546,  16547,  16552,  16562,  16580,  16586,  16595,  16600
  16605,  16615,  16616,  16650,  16666,  16671,  16674,  16689,  16692,  16696,  16699,  16712,  16741,  16767,  16780,  16781
  16786,  16795,  16820,  16828,  16829,  16831,  16835,  16839,  16843,  16844,  16846,  16860,  16870,  16875,  16876,  16882
  16885,  16924,  16925,  16934,  16937,  16947,  16951,  16955,  16963,  16968,  16976,  16990,  16994,  17001,  17004,  17007
  17010,  17011,  17012,  17020,  17037,  17045,  17063,  17067,  17073,  17077,  17082,  17087,  17090,  17094,  17122,  17136
  17139,  17154,  17167,  17170,  17233,  17236,  17240,  17248,  17267,  17270,  17275,  17278,  17289,  17354,  17357,  17358
  17362,  17366,  17376,  17388,  17389,  17403,  17408,  17413,  17436,  17439,  17449,  17459,  17479,  17481,  17486,  17495
  17503,  17508,  17518,  17540,  17547,  17557,  17558,  17564,  17576,  17599,  17600,  17607,  17614,  17628,  17640,  17666
  17680,  17684,  17689,  17702,  17703,  17731,  17736,  17763,  17769,  17770,  17778,  17812,  17828,  17838,  17866,  17875
  17887,  17891,  17896,  17901,  17911,  17921,  17931,  17935,  17950,  17980,  17982,  17984,  17993,  17999,  18003,  18009
  18040,  18054,  18055,  18099,  18107,  18119,  18130,  18147,  18148,  18149,  18161,  18166,  18175,  18186,  18191,  18193
  18195,  18199,  18227,  18231,  18248,  18261,  18279,  18287,  18296,  18309,  18326,  18333,  18334,  18367,  18368,  18373
  18380,  18384,  18395,  18402,  18403,  18420,  18428,  18444,  18473,  18477,  18485,  18491,  18503,  18516,  18521,  18525
  18541,  18554,  18578,  18586,  18623,  18634,  18647,  18648,  18655,  18697,  18700,  18733,  18735,  18741,  18747,  18749
  18763,  18788,  18796,  18802,  18819,  18822,  18828,  18838,  18863,  18864,  18881,  18884,  18911,  18923,  18929,  18938
  18946,  18948,  18952,  18954,  18957,  18958,  18960,  18976,  18983,  18992,  18993,  18995,  18996,  18999,  19001,  19005
  19023,  19041,  19043,  19047,  19053,  19055,  19063,  19083,  19096,  19106,  19107,  19121,  19129,  19134,  19170,  19171
  19187,  19196,  19213,  19218,  19222,  19261,  19304,  19315,  19327,  19350,  19359,  19361,  19364,  19372,  19376,  19384
  19386,  19388,  19397,  19407,  19414,  19430,  19435,  19441,  19451,  19455,  19468,  19476,  19485,  19503,  19531,  19537
  19541,  19565,  19566,  19579,  19582,  19592,  19595,  19599,  19602,  19603,  19610,  19612,  19627,  19639,  19657,  19658
  19677,  19706,  19711,  19724,  19733,  19735,  19739,  19775,  19793,  19802,  19810,  19816,  19824,  19831,  19849,  19862
  19865,  19878,  19888,  19908,  19912,  19919,  19929,  19932,  19933,  19943,  19964,  19971,  19975,  19979,  19982,  20002
  20007,  20021,  20041,  20057,  20068,  20070,  20078,  20102,  20103,  20104,  20107,  20108,  20110,  20112,  20119,  20168
  20175,  20181,  20185,  20190,  20193,  20208,  20221,  20223,  20229,  20230,  20242,  20247,  20253,  20266,  20269,  20286
  20294,  20295,  20331,  20335,  20342,  20351,  20380,  20383,  20394,  20426,  20441,  20457,  20481,  20487,  20509,  20519
  20549,  20561,  20562,  20602,  20607,  20627,  20628,  20634,  20636,  20645,  20647,  20651,  20678,  20699,  20701,  20737
  20741,  20746,  20766,  20769,  20792,  20837,  20840,  20871,  20872,  20874,  20882,  20887,  20950,  20989,  20998,  21000
  21010,  21021,  21024,  21034,  21049,  21056,  21063,  21084,  21099,  21116,  21123,  21128,  21129,  21144,  21148,  21182
  21196,  21209,  21228,  21234,  21238,  21246,  21281,  21299,  21318,  21329,  21336,  21368,  21380,  21383,  21388,  21396
  21397,  21404,  21414,  21427,  21441,  21452,  21461,  21468,  21471,  21488,  21490,  21516,  21517,  21518,  21520,  21557
  21560,  21566,  21574,  21578,  21585,  21621,  21622,  21623,  21640,  21658,  21669,  21680,  21683,  21685,  21693,  21700
  21707,  21733,  21735,  21739,  21741,  21743,  21746,  21754,  21755,  21756,  21761,  21762,  21768,  21828,  21836,  21849
  21853,  21865,  21869,  21879,  21890,  21892,  21895,  21898,  21903,  21908,  21913,  21915,  21922,  21934,  21937,  21938
  21944,  21946,  21950,  21965,  21976,  21979,  21980,  21982,  21990,  21995,  21998,  22011,  22023,  22025,  22027,  22033
  22056,  22058,  22061,  22066,  22076,  22078,  22089,  22090,  22104,  22108,  22110,  22112,  22114,  22115,  22129,  22131
  22132,  22136,  22139,  22167,  22169,  22172,  22178,  22187,  22190,  22192,  22195,  22213,  22215,  22219,  22220,  22227
  22306,  22324,  22339,  22351,  22352,  22360,  22361,  22366,  22372,  22399,  22403,  22408,  22419,  22430,  22440,  22457
  22472,  22496,  22500,  22522,  22525,  22526,  22532,  22543,  22566,  22575,  22578,  22580,  22582,  22590,  22595,  22608
  22610,  22618,  22632,  22633,  22652,  22656,  22665,  22687,  22696,  22704,  22715,  22716,  22741,  22751,  22765,  22770
  22785,  22790,  22796,  22806,  22826,  22837,  22838,  22849,  22870,  22916,  22919,  22926,  22927,  22928,  22937,  22946
  22947,  22950,  22957,  22964,  22975,  22982,  22995,  23007,  23008,  23012,  23024,  23048,  23056,  23067,  23084,  23092
  23093,  23094,  23101,  23125,  23126,  23129,  23133,  23150,  23154,  23167,  23175,  23185,  23186,  23192,  23196,  23203
  23207,  23218,  23221,  23228,  23233,  23244,  23258,  23259,  23265,  23277,  23286,  23290,  23316,  23319,  23323,  23324
  23331,  23342,  23343,  23348,  23351,  23361,  23375,  23377,  23380,  23388,  23394,  23395,  23437,  23469,  23474,  23476
  23484,  23493,  23508,  23512,  23521,  23537,  23540,  23545,  23561,  23564,  23588,  23594,  23596,  23606,  23612,  23614
  23621,  23625,  23649,  23652,  23657,  23660,  23662,  23681,  23691,  23711,  23713,  23717,  23725,  23732,  23737,  23744
  23756,  23758,  23760,  23764,  23772,  23780,  23781,  23801,  23809,  23828,  23836,  23842,  23850,  23860,  23869,  23885
  23913,  23934,  23942,  23948,  23956,  23960,  23965,  23967,  23997,  24003,  24014,  24027,  24035,  24042,  24065,  24067
  24079,  24086,  24096,  24102,  24110,  24115,  24119,  24137,  24142,  24160,  24163,  24185,  24187,  24226,  24231,  24232
  24245,  24248,  24251,  24261,  24266,  24291,  24307,  24311,  24316,  24319,  24335,  24347,  24348,  24349,  24353,  24371
  24384,  24395,  24396,  24397,  24404,  24424,  24434,  24435,  24437,  24438,  24457,  24463,  24477,  24478,  24484,  24508
  24516,  24520,  24559,  24568,  24591,  24593,  24613,  24616,  24627,  24641,  24646,  24648,  24649,  24652,  24672,  24690
  24697,  24702,  24723,  24736,  24769,  24793,  24794,  24800,  24824,  24835,  24840,  24850,  24865,  24870,  24872,  24875
  24889,  24896,  24909,  24917,  24926,  24934,  24953,  24963,  24970,  24981,  25002,  25007,  25009,  25014,  25017,  25029
  25035,  25040,  25057,  25079,  25084,  25085,  25088,  25099,  25125,  25144,  25146,  25170,  25200,  25254,  25264,  25266
  25278,  25280,  25285,  25286,  25288,  25318,  25327,  25334,  25361,  25362,  25370,  25385,  25401,  25403,  25406,  25412
  25416,  25431,  25443,  25445,  25483,  25487,  25490,  25502,  25504,  25516,  25527,  25530,  25536,  25540,  25549,  25550
  25562,  25568,  25610,  25621,  25635,  25641,  25644,  25667,  25670,  25686,  25703,  25704,  25705,  25712,  25713,  25717
  25723,  25730,  25734,  25735,  25739,  25740,  25757,  25769,  25770,  25776,  25795,  25823,  25844,  25887,  25906,  25928
  25930,  25943,  25959,  25960,  25961,  25967,  25978,  25989,  26008,  26037,  26044,  26058,  26061,  26077,  26080,  26090
  26114,  26126,  26146,  26150,  26171,  26179,  26182,  26197,  26201,  26202,  26207,  26221,  26223,  26245,  26253,  26255
  26259,  26283,  26286,  26291,  26295,  26303,  26309,  26313,  26325,  26345,  26346,  26357,  26362,  26377,  26388,  26389
  26393,  26401,  26402,  26403,  26406,  26408,  26432,  26441,  26443,  26448,  26456,  26466,  26475,  26514,  26516,  26535
  26542,  26545,  26551,  26552,  26561,  26562,  26565,  26581,  26582,  26585,  26588,  26591,  26600,  26610,  26613,  26617
  26620,  26624,  26631,  26648,  26677,  26678,  26690,  26704,  26706,  26709,  26730,  26732,  26751,  26755,  26795,  26833
  26849,  26866,  26871,  26882,  26901,  26907,  26909,  26911,  26926,  26934,  26964,  26983,  26990,  26999,  27008,  27012
  27019,  27042,  27048,  27075,  27082,  27086,  27088,  27092,  27109,  27110,  27119,  27130,  27134,  27147,  27162,  27185
  27208,  27209,  27212,  27217,  27242,  27243,  27246,  27257,  27258,  27260,  27271,  27274,  27276,  27277,  27278,  27287
  27297,  27301,  27304,  27306,  27308,  27314,  27315,  27329,  27330,  27336,  27353,  27359,  27371,  27376,  27380,  27385
  27390,  27392,  27398,  27405,  27406,  27440,  27451,  27457,  27476,  27485,  27497,  27499,  27508,  27512,  27517,  27525
  27526,  27536,  27542,  27568,  27589,  27600,  27603,  27614,  27618,  27629,  27634,  27643,  27658,  27666,  27668,  27669
  27676,  27700,  27722,  27725,  27735,  27739,  27742,  27750,  27754,  27759,  27787,  27791,  27793,  27814,  27815,  27833
  27841,  27842,  27843,  27845,  27864,  27867,  27880,  27884,  27902,  27922,  27925,  27935,  27941,  27946,  27958,  27962
  27974,  27976,  27989,  27999,  28002,  28006,  28010,  28029,  28036,  28060,  28063,  28064,  28068,  28071,  28089,  28103
  28119,  28138,  28149,  28157,  28160,  28162,  28172,  28198,  28206,  28214,  28215,  28220,  28231,  28234,  28244,  28249
  28266,  28274,  28280,  28285,  28290,  28293,  28301,  28308,  28323,  28347,  28360,  28363,  28373,  28398,  28403,  28415
  28427,  28452,  28460,  28470,  28482,  28484,  28486,  28518,  28520,  28547,  28558,  28564,  28571,  28658,  28670,  28671
  28682,  28684,  28686,  28699,  28702,  28714,  28783,  28808,  28809,  28835,  28853,  28859,  28861,  28868,  28873,  28879
  28890,  28904,  28925,  28930,  28944,  28949,  28953,  28960,  28968,  28978,  28986,  29015,  29018,  29024,  29027,  29039
  29040,  29063,  29075,  29087,  29091,  29095,  29098,  29120,  29132,  29136,  29142,  29171,  29175,  29180,  29195,  29203
  29206,  29208,  29210,  29211,  29221,  29231,  29240,  29248,  29254,  29259,  29265,  29271,  29273,  29292,  29299,  29304
  29325,  29338,  29347,  29349,  29354,  29379,  29385,  29422,  29429,  29434,  29437,  29441,  29443,  29444,  29448,  29450
  29457,  29481,  29486,  29492,  29502,  29514,  29539,  29548,  29560,  29561,  29569,  29581,  29593,  29608,  29617,  29625
  29636,  29640,  29647,  29650,  29651,  29657,  29661,  29668,  29685,  29699,  29717,  29718,  29719,  29726,  29738,  29742
  29764,  29773,  29790,  29803,  29844,  29849,  29859,  29860,  29861,  29865,  29878,  29901,  29904,  29906,  29911,  29914
  29919,  29924,  29932,  29934,  29937,  29945,  29967,  29975,  29977,  29978,  29993,  29997,  30005,  30034,  30036,  30042
  30046,  30052,  30058,  30060,  30062,  30070,  30080,  30088,  30090,  30092,  30109,  30110,  30118,  30131,  30141,  30161
  30186,  30192,  30206,  30220,  30229,  30234,  30237,  30241,  30269,  30270,  30273,  30306,  30307,  30309,  30313,  30318
  30319,  30326,  30342,  30368,  30378,  30388,  30393,  30436,  30463,  30468,  30472,  30478,  30494,  30496,  30514,  30516
  30526,  30528,  30538,  30541,  30555,  30573,  30580,  30591,  30600,  30602,  30614,  30626,  30633,  30659,  30664,  30669
  30689,  30691,  30696,  30707,  30733,  30745,  30755,  30757,  30766,  30783,  30792,  30796,  30799,  30803,  30807,  30815
  30819,  30828,  30840,  30881,  30893,  30897,  30899,  30945,  30949,  30954,  30972,  30973,  30977,  30984,  30991,  30993
  30996,  31009,  31018,  31019,  31024,  31033,  31065,  31094,  31096,  31105,  31107,  31109,  31116,  31118,  31134,  31140
  31160,  31162,  31166,  31180,  31184,  31191,  31206,  31215,  31228,  31242,  31246,  31248,  31253,  31270,  31286,  31288
  31294,  31304,  31319,  31326,  31328,  31343,  31345,  31346,  31348,  31358,  31368,  31372,  31375,  31378,  31387,  31409
  31411,  31434,  31435,  31446,  31448,  31457,  31483,  31484,  31490,  31504,  31508,  31516,  31544,  31551,  31562,  31564
  31582,  31599,  31611,  31617,  31628,  31633,  31637,  31654,  31657,  31659,  31664,  31685,  31689,  31697,  31699,  31730
  31738,  31751,  31753,  31754,  31762,  31764,  31790,  31796,  31799,  31805,  31820,  31828,  31833,  31838,  31848,  31856
  31869,  31876,  31880,  31899,  31905,  31917,  31921,  31947,  31954,  31955,  31962,  31965,  31973,  31976,  31977,  32004
  32007,  32012,  32021,  32025,  32028,  32037,  32050,  32056,  32067,  32069,  32071,  32076,  32083,  32102,  32113,  32128
  32130,  32136,  32142,  32157,  32161,  32171,  32176,  32177,  32180,  32209,  32210,  32221,  32225,  32234,  32236,  32247
  32250,  32267,  32271,  32280,  32283,  32315,  32329,  32342,  32349,  32351,  32368,  32387,  32389,  32398,  32404,  32414
  32418,  32424,  32427,  32445,  32457,  32458,  32460,  32473,  32477,  32478,  32490,  32494,  32498,  32510,  32523,  32556
  32566,  32569,  32574,  32592,  32593,  32654,  32663,  32671,  32675,  32699,  32704,  32717,  32746,  32747,  32764,  32772
  32785,  32800,  32844,  32859,  32862,  32873,  32883,  32884,  32888,  32899,  32900,  32923,  32924,  32936,  32937,  32963
  32965,  33004,  33009,  33013,  33029,  33040,  33055,  33067,  33096,  33111,  33117,  33119,  33130,  33161,  33175,  33179
  33209,  33220,  33221,  33230,  33238,  33242,  33251,  33257,  33260,  33263,  33284,  33300,  33301,  33325,  33333,  33336
  33345,  33351,  33356,  33362,  33377,  33386,  33401,  33419,  33427,  33436,  33453,  33473,  33474,  33482,  33496,  33502
  33504,  33512,  33513,  33520,  33521,  33524,  33542,  33562,  33579,  33581,  33586,  33594,  33604,  33618,  33623,  33633
  33645,  33653,  33655,  33658,  33689,  33692,  33695,  33696,  33697,  33702,  33704,  33710,  33715,  33720,  33731,  33746
  33758,  33774,  33784,  33815,  33816,  33834,  33845,  33857,  33860,  33871,  33879,  33880,  33883,  33891,  33901,  33902
  33930,  33943,  33969,  33973,  33987,  33995,  33996,  33999,  34003,  34006,  34010,  34022,  34031,  34066,  34084,  34108
  34109,  34119,  34126,  34132,  34149,  34151,  34157,  34164,  34167,  34174,  34175,  34186,  34187,  34189,  34191,  34193
  34197,  34212,  34238,  34239,  34244,  34252,  34259,  34262,  34270,  34302,  34322,  34323,  34335,  34366,  34372,  34391
  34399,  34401,  34430,  34439,  34444,  34445,  34447,  34456,  34464,  34470,  34472,  34473,  34484,  34485,  34487,  34492
  34496,  34526,  34530,  34535,  34558,  34562,  34563,  34570,  34572,  34585,  34597,  34608,  34609,  34611,  34616,  34618
  34620,  34623,  34637,  34667,  34673,  34681,  34701,  34707,  34727,  34738,  34742,  34752,  34770,  34781,  34784,  34786
  34803,  34804,  34812,  34814,  34833,  34841,  34848,  34860,  34864,  34865,  34868,  34871,  34878,  34883,  34918,  34919
  34920,  34926,  34952,  34954,  34956,  34963,  34976,  34984,  34989,  35003,  35006,  35012,  35019,  35020,  35023,  35029
  35032,  35034,  35041,  35055,  35075,  35079,  35080,  35088,  35098,  35104,  35128,  35149,  35152,  35172,  35190,  35222
  35226,  35241,  35244,  35247,  35259,  35273,  35275,  35297,  35320,  35348,  35358,  35363,  35370,  35376,  35387,  35389
  35421,  35432,  35434,  35456,  35460,  35464,  35477,  35480,  35481,  35488,  35495,  35517,  35526,  35531,  35548,  35550
  35575,  35583,  35590,  35599,  35609,  35610,  35630,  35651,  35659,  35669,  35672,  35678,  35691,  35692,  35710,  35715
  35729,  35732,  35735,  35740,  35741,  35745,  35748,  35754,  35799,  35810,  35815,  35817,  35820,  35837,  35844,  35845
  35848,  35849,  35869,  35870,  35881,  35884,  35900,  35924,  35926,  35928,  35937,  35944,  35948,  35954,  35955,  35960
  35971,  35980,  35981,  35987,  35999,  36002,  36003,  36007,  36021,  36027,  36030,  36059,  36060,  36064,  36074,  36085
  36089,  36092,  36098,  36104,  36109,  36122,  36125,  36128,  36134,  36148,  36160,  36163,  36166,  36172,  36182,  36190
  36193,  36200,  36210,  36228,  36230,  36235,  36245,  36255,  36266,  36287,  36290,  36295,  36297,  36298,  36303,  36307
  36315,  36316,  36323,  36329,  36343,  36367,  36368,  36371,  36373,  36382,  36384,  36388,  36398,  36412,  36415,  36432
  36461,  36468,  36469,  36491,  36495,  36499,  36502,  36516,  36518,  36526,  36527,  36528,  36529,  36530,  36558,  36563
  36565,  36569,  36572,  36573,  36616,  36626,  36642,  36646,  36647,  36657,  36661,  36664,  36665,  36683,  36694,  36697
  36728,  36737,  36747,  36748,  36754,  36764,  36771,  36810,  36812,  36817,  36827,  36834,  36846,  36853,  36855,  36878
  36879,  36882,  36885,  36899,  36901,  36913,  36919,  36928,  36960,  36971,  36981,  36994,  36998,  37001,  37023,  37040
  37045,  37054,  37071,  37097,  37109,  37112,  37120,  37146,  37162,  37167,  37177,  37179,  37183,  37187,  37191,  37210
  37230,  37233,  37234,  37241,  37258,  37294,  37310,  37311,  37316,  37327,  37341,  37351,  37362,  37363,  37373,  37379
  37382,  37385,  37388,  37395,  37400,  37404,  37427,  37433,  37434,  37443,  37444,  37448,  37453,  37472,  37480,  37484
  37501,  37521,  37522,  37523,  37551,  37555,  37556,  37559,  37561,  37562,  37582,  37584,  37587,  37601,  37602,  37612
  37627,  37629,  37631,  37654,  37661,  37688,  37689,  37690,  37734,  37740,  37752,  37758,  37760,  37772,  37775,  37788
  37798,  37802,  37813,  37819,  37846,  37850,  37865,  37872,  37873,  37877,  37885,  37889,  37926,  37928,  37931,  37934
  37940,  37991,  37992,  38007,  38008,  38011,  38039,  38045,  38059,  38093,  38110,  38118,  38120,  38136,  38152,  38171
  38184,  38189,  38195,  38196,  38197,  38198,  38204,  38212,  38216,  38237,  38257,  38274,  38287,  38318,  38327,  38331
  38352,  38367,  38396,  38409,  38413,  38416,  38420,  38424,  38428,  38431,  38441,  38443,  38446,  38462,  38466,  38477
  38489,  38494,  38495,  38504,  38506,  38514,  38519,  38527,  38541,  38547,  38550,  38557,  38558,  38606,  38607,  38617
  38621,  38640,  38641,  38643,  38648,  38653,  38659,  38663,  38665,  38669,  38690,  38705,  38725,  38727,  38728,  38745
  38752,  38757,  38765,  38767,  38777,  38798,  38801,  38803,  38804,  38809,  38812,  38818,  38836,  38844,  38854,  38865
  38868,  38877,  38878,  38885,  38888,  38896,  38909,  38918,  38949,  38955,  38961,  38962,  38969,  38976,  38981,  39010
  39014,  39015,  39020,  39023,  39029,  39033,  39037,  39045,  39053,  39063,  39065,  39070,  39078,  39083,  39115,  39121
  39128,  39136,  39140,  39141,  39142,  39157,  39163,  39164,  39165,  39172,  39175,  39189,  39194,  39200,  39202,  39206
  39233,  39239,  39241,  39244,  39247,  39257,  39263,  39284,  39285,  39293,  39300,  39305,  39324,  39327,  39328,  39333
  39336,  39337,  39342,  39354,  39368,  39369,  39401,  39410,  39456,  39466,  39467,  39487,  39491,  39495,  39516,  39522
  39525,  39530,  39547,  39552,  39561,  39570,  39584,  39587,  39615,  39619,  39622,  39631,  39632,  39647,  39648,  39650
  39651,  39653,  39657,  39678,  39680,  39683,  39690,  39696,  39749,  39761,  39773,  39774,  39785,  39790,  39793,  39809
  39813,  39815,  39828,  39870,  39885,  39889,  39923,  39924,  39938,  39944,  39947,  39991,  39992,  40001,  40017,  40038
  40039,  40045,  40060,  40063,  40069,  40073,  40077,  40080,  40085,  40105,  40106,  40112,  40114,  40120,  40142,  40143
  40148,  40159,  40165,  40170,  40196,  40199,  40210,  40224,  40243,  40244,  40247,  40249,  40256,  40287,  40292,  40301
  40307,  40321,  40323,  40325,  40326,  40336,  40338,  40362,  40366,  40391,  40410,  40414,  40425,  40426,  40433,  40445
  40466,  40472,  40482,  40491,  40492,  40503,  40515,  40521,  40528,  40532,  40541,  40548,  40554,  40584,  40595,  40617
  40618,  40643,  40644,  40648,  40668,  40679,  40687,  40688,  40689,  40706,  40708,  40713,  40737,  40754,  40755,  40758
  40764,  40773,  40784,  40793,  40796,  40823,  40839,  40843,  40848,  40858,  40859,  40866,  40877,  40912,  40919,  40923
  40929,  40952,  40965,  40966,  40978,  40983,  40985,  40987,  41001,  41028,  41094,  41100,  41102,  41129,  41141,  41145
  41147,  41158,  41165,  41166,  41167,  41171,  41185,  41195,  41199,  41209,  41212,  41222,  41233,  41236,  41238,  41241
  41243,  41247,  41251,  41253,  41257,  41259,  41268,  41272,  41310,  41318,  41328,  41341,  41349,  41355,  41356,  41366
  41378,  41398,  41405,  41429,  41463,  41467,  41469,  41472,  41473,  41478,  41498,  41503,  41504,  41513,  41516,  41524
  41527,  41531,  41539,  41547,  41550,  41552,  41566,  41570,  41588,  41610,  41617,  41627,  41634,  41638,  41667,  41670
  41679,  41682,  41685,  41688,  41691,  41711,  41712,  41714,  41723,  41741,  41742,  41746,  41754,  41779,  41800,  41811
  41820,  41822,  41831,  41844,  41846,  41852,  41857,  41868,  41871,  41884,  41904,  41912,  41945,  41955,  41959,  41963
  41964,  41975,  41979,  41980,  41983,  41987,  41991,  42018,  42036,  42065,  42068,  42069,  42081,  42097,  42123,  42135
  42156,  42165,  42167,  42180,  42196,  42200,  42204,  42239,  42246,  42250,  42251,  42261,  42291,  42297,  42308,  42319
  42337,  42352,  42354,  42375,  42386,  42388,  42400,  42404,  42410,  42420,  42437,  42438,  42459,  42467,  42473,  42474
  42479,  42487,  42489,  42492,  42508,  42520,  42549,  42559,  42566,  42571,  42573,  42608,  42623,  42642,  42643,  42654
  42668,  42680,  42694,  42698,  42712,  42719,  42739,  42746,  42750,  42754,  42760,  42769,  42770,  42779,  42785,  42805
  42806,  42810,  42814,  42822,  42826,  42827,  42830,  42834,  42836,  42838,  42839,  42840,  42850,  42851,  42855,  42857
  42859,  42865,  42893,  42899,  42900,  42903,  42912,  42913,  42916,  42917,  42921,  42938,  42944,  42967,  42971,  42973
  42975,  42991,  42995,  43002,  43020,  43086,  43096,  43103,  43104,  43113,  43117,  43129,  43137,  43190,  43203,  43218
  43223,  43236,  43245,  43251,  43257,  43262,  43271,  43305,  43308,  43309,  43314,  43324,  43326,  43327,  43329,  43330
  43336,  43363,  43414,  43426,  43437,  43443,  43444,  43448,  43452,  43468,  43470,  43476,  43481,  43489,  43505,  43513
  43526,  43528,  43530,  43535,  43573,  43587,  43589,  43610,  43632,  43644,  43664,  43669,  43675,  43710,  43712,  43723
  43724,  43729,  43731,  43752,  43754,  43769,  43784,  43828,  43830,  43842,  43848,  43868,  43881,  43887,  43888,  43897
  43911,  43924,  43926,  43928,  43929,  43957,  43959,  43960,  43963,  43964,  43970,  43971,  43988,  43990,  44002,  44034
  44049,  44054,  44059,  44066,  44073,  44082,  44102,  44132,  44133,  44135,  44140,  44144,  44153,  44159,  44165,  44173
  44178,  44190,  44196,  44207,  44214,  44215,  44225,  44236,  44244,  44250,  44269,  44314,  44316,  44322,  44343,  44345
  44351,  44354,  44393,  44398,  44402,  44417,  44422,  44455,  44492,  44497,  44502,  44523,  44533,  44539,  44540,  44551
  44557,  44567,  44569,  44572,  44574,  44577,  44583,  44600,  44640,  44662,  44665,  44667,  44670,  44680,  44686,  44692
  44699,  44707,  44720,  44734,  44737,  44750,  44754,  44759,  44762,  44771,  44775,  44791,  44807,  44827,  44857,  44859
  44861,  44869,  44889,  44890,  44927,  44933,  44944,  44948,  44965,  44978,  44980,  45003,  45004,  45007,  45014,  45027
  45032,  45060,  45072,  45086,  45091,  45094,  45103,  45108,  45142,  45148,  45173,  45175,  45185,  45194,  45207,  45241
  45247,  45273,  45278,  45283,  45289,  45291,  45298,  45302,  45304,  45320,  45321,  45342,  45350,  45356,  45359,  45366
  45375,  45385,  45397,  45400,  45401,  45405,  45407,  45420,  45423,  45427,  45444,  45459,  45468,  45471,  45518,  45526
  45532,  45557,  45560,  45573,  45597,  45607,  45633,  45636,  45660,  45686,  45697,  45727,  45736,  45742,  45791,  45806
  45807,  45812,  45824,  45828,  45839,  45840,  45861,  45864,  45872,  45875,  45902,  45917,  45960,  45961,  45974,  45977
  45989,  45993,  46003,  46012,  46041,  46049,  46056,  46062,  46090,  46101,  46104,  46112,  46123,  46133,  46142,  46157
  46169,  46171,  46172,  46188,  46196,  46214,  46238,  46243,  46244,  46248,  46254,  46257,  46263,  46280,  46286,  46288
  46327,  46355,  46363,  46386,  46393,  46440,  46442,  46444,  46450,  46453,  46454,  46457,  46468,  46470,  46476,  46480
  46490,  46493,  46522,  46534,  46538,  46545,  46548,  46553,  46555,  46557,  46563,  46580,  46589,  46596,  46605,  46613
  46624,  46631,  46637,  46644,  46646,  46650,  46654,  46659,  46665,  46681,  46703,  46725,  46731,  46750,  46754,  46764
  46824,  46826,  46832,  46835,  46842,  46846,  46849,  46854,  46895,  46915,  46930,  46953,  46958,  46984,  46989,  46994
  47014,  47045,  47051,  47056,  47072,  47095,  47116,  47145,  47153,  47170,  47190,  47192,  47196,  47198,  47201,  47213
  47216,  47230,  47234,  47236,  47243,  47260,  47274,  47279,  47283,  47295,  47296,  47335,  47347,  47362,  47374,  47376
  47382,  47407,  47416,  47454,  47460,  47461,  47462,  47469,  47484,  47510,  47526,  47536,  47544,  47547,  47556,  47585
  47586,  47604,  47605,  47606,  47608,  47617,  47618,  47621,  47632,  47640,  47657,  47660,  47664,  47674,  47690,  47691
  47695,  47697,  47720,  47748,  47758,  47783,  47786,  47797,  47800,  47807,  47812,  47813,  47819,  47829,  47837,  47841
  47843,  47904,  47915,  47919,  47936,  47938,  47944,  47953,  47971,  47980,  47993,  47995,  47996,  48002,  48011,  48047
  48051,  48054,  48062,  48072,  48081,  48085,  48090,  48129,  48136,  48148,  48170,  48177,  48178,  48182,  48197,  48204
  48211,  48222,  48225,  48245,  48283,  48306,  48314,  48320,  48325,  48328,  48356,  48358,  48362,  48364,  48366,  48367
  48371,  48406,  48412,  48413,  48424,  48440,  48442,  48476,  48482,  48483,  48488,  48490,  48500,  48518,  48527,  48533
  48537,  48541,  48547,  48551,  48564,  48601,  48605,  48608,  48609,  48641,  48671,  48673,  48729,  48749,  48751,  48769
  48785,  48794,  48802,  48805,  48811,  48823,  48824,  48840,  48854,  48865,  48900,  48904,  48915,  48920,  48935,  48962
  48973,  48977,  48985,  48992,  48998,  49003,  49010,  49015,  49033,  49051,  49052,  49062,  49098,  49106,  49116,  49117
  49118,  49130,  49136,  49140,  49146,  49151,  49154,  49159,  49198,  49204,  49209,  49216,  49225,  49226,  49234,  49235
  49248,  49260,  49269,  49271,  49281,  49307,  49323,  49337,  49385,  49390,  49416,  49419,  49420,  49429,  49430,  49437
  49472,  49478,  49496,  49515,  49519,  49523,  49535,  49544,  49555,  49567,  49570,  49579,  49584,  49590,  49609,  49616
  49618,  49653,  49680,  49719,  49723,  49744,  49763,  49822,  49834,  49839,  49841,  49853,  49858,  49881,  49892,  49893
  49896,  49909,  49916,  49927,  49936,  49945,  49955,  49967,  49979,  49988,  49990,  50021,  50031,  50034,  50035,  50036
  50039,  50068,  50081,  50088,  50095,  50133,  50166,  50169,  50174,  50182,  50197,  50202,  50215,  50257,  50278,  50289
  50293,  50297,  50302,  50325,  50346,  50349,  50356,  50357,  50361,  50366,  50368,  50410,  50413,  50418,  50424,  50425
  50429,  50431,  50433,  50474,  50476,  50492,  50504,  50530,  50533,  50544,  50546,  50549,  50554,  50581,  50594,  50603
  50614,  50649,  50677,  50679,  50682,  50687,  50759,  50774,  50777,  50788,  50789,  50790,  50794,  50806,  50828,  50830
  50844,  50846,  50863,  50873,  50881,  50906,  50921,  50944,  50967,  51001,  51013,  51014,  51027,  51036,  51044,  51058
  51072,  51097,  51124,  51128,  51134,  51143,  51145,  51151,  51170,  51173,  51174,  51196,  51200,  51203,  51207,  51222
  51224,  51232,  51240,  51241,  51242,  51244,  51247,  51251,  51260,  51269,  51274,  51278,  51283,  51286,  51304,  51320
  51334,  51345,  51377,  51388,  51390,  51409,  51416,  51428,  51430,  51443,  51444,  51448,  51470,  51487,  51493,  51501
  51503,  51505,  51508,  51525,  51548,  51552,  51553,  51569,  51574,  51583,  51584,  51595,  51598,  51603,  51616,  51622
  51629,  51633,  51640,  51660,  51689,  51709,  51718,  51745,  51747,  51760,  51770,  51787,  51794,  51801,  51805,  51808
  51815,  51819,  51820,  51846,  51848,  51863,  51868,  51881,  51893,  51904,  51906,  51929,  51940,  51944,  51958,  51965
  51972,  51998,  51999,  52011,  52016,  52019,  52027,  52031,  52040,  52044,  52049,  52079,  52084,  52090,  52101,  52104
  52128,  52137,  52139,  52150,  52157,  52163,  52165,  52169,  52177,  52183,  52194,  52204,  52211,  52225,  52233,  52245
  52264,  52268,  52273,  52279,  52284,  52298,  52304,  52311,  52326,  52328,  52329,  52334,  52376,  52399,  52401,  52423
  52441,  52450,  52452,  52466,  52492,  52501,  52503,  52527,  52529,  52544,  52546,  52594,  52598,  52602,  52619,  52639
  52659,  52674,  52683,  52685,  52689,  52697,  52698,  52707,  52723,  52738,  52743,  52758,  52777,  52789,  52792,  52802
  52816,  52824,  52848,  52855,  52859,  52861,  52866,  52877,  52900,  52908,  52919,  52958,  52972,  53000,  53006,  53009
  53023,  53039,  53045,  53061,  53062,  53069,  53095,  53117,  53132,  53138,  53144,  53151,  53157,  53158,  53159,  53166
  53174,  53178,  53182,  53191,  53201,  53216,  53219,  53239,  53250,  53252,  53258,  53266,  53267,  53277,  53283,  53309
  53321,  53336,  53338,  53340,  53343,  53345,  53359,  53368,  53376,  53388,  53400,  53402,  53421,  53459,  53468,  53483
  53498,  53504,  53517,  53529,  53531,  53543,  53588,  53601,  53614,  53616,  53626,  53630,  53639,  53643,  53653,  53656
  53658,  53687,  53706,  53708,  53730,  53737,  53747,  53754,  53778,  53780,  53792,  53795,  53814,  53826,  53831,  53842
  53849,  53867,  53876,  53880,  53893,  53911,  53925,  53947,  53954,  53978,  53979,  54004,  54013,  54020,  54036,  54042
  54089,  54109,  54137,  54149,  54177,  54178,  54183,  54234,  54238,  54248,  54263,  54283,  54296,  54310,  54317,  54329
  54360,  54380,  54388,  54412,  54425,  54463,  54466,  54470,  54485,  54490,  54495,  54559,  54570,  54578,  54634,  54649
  54672,  54677,  54688,  54706,  54707,  54717,  54722,  54727,  54741,  54746,  54784,  54787,  54788,  54790,  54803,  54804
  54824,  54826,  54841,  54845,  54869,  54875,  54897,  54909,  54916,  54922,  54925,  54958,  54966,  54971,  54980,  54990
  55008,  55032,  55037,  55038,  55039,  55042,  55071,  55082,  55084,  55092,  55120,  55128,  55132,  55139,  55155,  55160
  55168,  55196,  55212,  55243,  55247,  55257,  55258,  55261,  55304,  55306,  55308,  55332,  55340,  55352,  55386,  55391
  55393,  55429,  55438,  55455,  55471,  55506,  55509,  55519,  55529,  55530,  55545,  55546,  55560,  55572,  55574,  55582
  55628,  55630,  55678,  55703,  55731,  55744,  55762,  55767,  55806,  55813,  55821,  55825,  55831,  55833,  55842,  55856
  55861,  55887,  55889,  55901,  55906,  55927,  55950,  55962,  56007,  56016,  56040,  56054,  56058,  56066,  56069,  56083
  56102,  56111,  56113,  56123,  56129,  56136,  56169,  56182,  56224,  56232,  56236,  56240,  56246,  56249,  56253,  56258
  56276,  56282,  56287,  56291,  56307,  56314,  56316,  56318,  56340,  56350,  56357,  56365,  56366,  56395,  56417,  56437
  56443,  56473,  56510,  56523,  56543,  56546,  56569,  56574,  56578,  56591,  56594,  56598,  56608,  56618,  56643,  56648
  56652,  56656,  56695,  56700,  56701,  56740,  56771,  56772,  56812,  56813,  56817,  56830,  56860,  56877,  56885,  56888
  56897,  56910,  56935,  56948,  56962,  56979,  56999,  57022,  57028,  57034,  57041,  57061,  57073,  57078,  57108,  57119
  57127,  57211,  57253,  57256,  57289,  57314,  57369,  57387,  57390,  57397,  57401,  57406,  57410,  57415,  57431,  57439
  57441,  57442,  57458,  57467,  57472,  57483,  57514,  57527,  57599,  57607,  57611,  57627,  57662,  57664,  57696,  57701
  57720,  57727,  57743,  57782,  57816,  57825,  57827,  57831,  57835,  57861,  57873,  57886,  57902,  57911,  57924,  57940
  57947,  57969,  57976,  58029,  58030,  58066,  58078,  58098,  58102,  58108,  58114,  58119,  58120,  58124,  58135,  58138
  58182,  58207,  58210,  58222,  58232,  58235,  58280,  58288,  58313,  58324,  58336,  58361,  58372,  58395,  58408,  58410
  58444,  58450,  58473,  58488,  58495,  58513,  58519,  58522,  58546,  58552,  58584,  58612,  58642,  58662,  58666,  58672
  58678,  58681,  58687,  58731,  58748,  58783,  58786,  58789,  58804,  58814,  58826,  58830,  58832,  58838,  58847,  58849
  58865,  58869,  58880,  58894,  58928,  58936,  58947,  58951,  58952,  58954,  58959,  58966,  58985,  58986,  58993,  58994
  59010,  59021,  59031,  59035,  59038,  59048,  59056,  59064,  59075,  59081,  59091,  59094,  59095,  59103,  59104,  59119
  59146,  59188,  59218,  59221,  59244,  59258,  59267,  59279,  59281,  59292,  59305,  59351,  59360,  59366,  59373,  59375
  59388,  59398,  59403,  59428,  59471,  59477,  59478,  59485,  59487,  59515,  59522,  59535,  59565,  59571,  59574,  59579
  59611,  59615,  59617,  59621,  59643,  59648,  59660,  59677,  59680,  59688,  59701,  59702,  59703,  59742,  59761,  59767
  59788,  59809,  59827,  59831,  59836,  59841,  59859,  59932,  59933,  59948,  59960,  59990,  59996,  60013,  60026,  60034
  60048,  60068,  60071,  60081,  60097,  60108,  60136,  60146,  60152,  60156,  60191,  60213,  60234,  60263,  60264,  60265
  60284,  60289,  60319,  60332,  60340,  60345,  60363,  60368,  60370,  60393,  60398,  60459,  60464,  60467,  60468,  60469
  60492,  60495,  60513,  60515,  60519,  60526,  60551,  60594,  60601,  60629,  60638,  60642,  60648,  60649,  60655,  60703
  60715,  60719,  60721,  60730,  60752,  60756,  60765,  60770,  60778,  60788,  60790,  60795,  60803,  60805,  60815,  60816
  60828,  60835,  60846,  60862,  60884,  60885,  60890,  60899,  60910,  60928,  60933,  60942,  60943,  60955,  60956,  60973
  60980,  61001,  61002,  61015,  61038,  61050,  61122,  61147,  61156,  61171,  61185,  61186,  61198,  61207,  61213,  61218
  61225,  61233,  61311,  61334,  61337,  61374,  61401,  61402,  61403,  61408,  61417,  61422,  61434,  61504,  61512,  61518
  61528,  61556,  61564,  61565,  61577,  61580,  61624,  61626,  61636,  61669,  61670,  61674,  61679,  61687,  61727,  61733
  61736,  61753,  61769,  61810,  61820,  61832,  61855,  61856,  61866,  61872,  61916,  61924,  61960,  61979,  61994,  62003
  62005,  62028,  62029,  62035,  62038,  62041,  62043,  62066,  62070,  62072,  62077,  62082,  62091,  62100,  62109,  62110
  62135,  62163,  62164,  62198,  62201,  62213,  62216,  62242,  62256,  62278,  62290,  62300,  62312,  62319,  62322,  62331
  62333,  62341,  62347,  62365,  62421,  62428,  62441,  62464,  62470,  62503,  62505,  62510,  62528,  62539,  62540,  62545
  62581,  62590,  62605,  62656,  62669,  62683,  62692,  62694,  62742,  62743,  62753,  62754,  62769,  62832,  62854,  62873
  62883,  62898,  62909,  62933,  62940,  62953,  62982,  62988,  63000,  63033,  63048,  63076,  63078,  63090,  63115,  63124
  63129,  63131,  63133,  63179,  63198,  63201,  63208,  63212,  63215,  63225,  63238,  63259,  63298,  63317,  63329,  63351
  63357,  63381,  63382,  63391,  63433,  63461,  63475,  63488,  63517,  63550,  63554,  63565,  63567,  63587,  63590,  63593
  63615,  63619,  63644,  63651,  63652,  63674,  63677,  63678,  63687,  63705,  63726,  63737,  63776,  63784,  63855,  63861
  63866,  63870,  63880,  63881,  63883,  63914,  63923,  63926,  63989,  63995,  63997,  64006,  64022,  64024,  64031,  64051
  64057,  64058,  64140,  64143,  64144,  64154,  64165,  64171,  64174,  64217,  64218,  64219,  64231,  64236,  64245,  64253
  64281,  64285,  64287,  64293,  64295,  64352,  64375,  64379,  64394,  64405,  64421,  64422,  64467,  64470,  64472,  64499
  64509,  64510,  64512,  64515,  64549,  64555,  64572,  64574,  64591,  64601,  64623,  64627,  64631,  64634,  64643,  64659
  64674,  64682,  64705,  64713,  64717,  64730,  64732,  64745,  64749,  64773,  64786,  64808,  64821,  64822,  64825,  64877
  64894,  64899,  64905,  64911,  64933,  64968,  65042,  65045,  65048,  65059,  65077,  65114,  65128,  65135,  65138,  65186
  65217,  65221,  65228,  65235,  65281,  65286,  65307,  65332,  65333,  65369,  65376,  65383,  65440,  65443,  65451,  65453
  65482,  65485,  65531,  65536,  65547,  65555,  65572,  65582,  65594,  65600,  65603,  65642,  65663,  65670,  65688,  65703
  65716,  65730,  65737,  65740,  65744,  65748,  65757,  65801,  65805,  65841,  65871,  65888,  65889,  65901,  65909,  65933
  65943,  65951,  65953,  65963,  65965,  65966,  65976,  65981,  65983,  65985,  65986,  65996,  66001,  66002,  66006,  66017
  66031,  66036,  66044,  66045,  66066,  66113,  66134,  66159,  66191,  66194,  66205,  66220,  66222,  66246,  66247,  66259
  66264,  66308,  66349,  66361,  66369,  66370,  66377,  66378,  66396,  66400,  66438,  66450,  66451,  66454,  66476,  66497
  66513,  66547,  66550,  66560,  66579,  66629,  66637,  66640,  66661,  66678,  66686,  66690,  66696,  66719,  66736,  66737
  66743,  66753,  66773,  66783,  66801,  66804,  66831,  66839,  66882,  66910,  66924,  66929,  66951,  66989,  66995,  67007
  67022,  67027,  67032,  67046,  67058,  67062,  67069,  67071,  67078,  67122,  67128,  67150,  67157,  67171,  67185,  67200
  67205,  67224,  67262,  67263,  67270,  67276,  67278,  67289,  67290,  67324,  67339,  67343,  67352,  67358,  67379,  67394
  67397,  67402,  67403,  67425,  67426,  67435,  67437,  67463,  67506,  67535,  67537,  67541,  67560,  67579,  67587,  67631
  67633,  67654,  67675,  67680,  67685,  67700,  67706,  67726,  67727,  67731,  67747,  67758,  67768,  67789,  67797,  67799
  67813,  67822,  67831,  67862,  67863,  67864,  67887,  67898,  67921,  67970,  67977,  67995,  68022,  68025,  68051,  68058
  68064,  68076,  68078,  68104,  68107,  68128,  68135,  68137,  68157,  68188,  68192,  68230,  68242,  68287,  68295,  68304
  68312,  68325,  68334,  68343,  68362,  68400,  68410,  68413,  68424,  68442,  68453,  68455,  68464,  68476,  68500,  68527
  68534,  68581,  68584,  68591,  68594,  68615,  68628,  68646,  68654,  68693,  68719,  68741,  68777,  68815,  68826,  68827
  68833,  68859,  68891,  68945,  68977,  68991,  69000,  69025,  69047,  69049,  69057,  69063,  69064,  69112,  69123,  69132
  69166,  69182,  69186,  69223,  69232,  69245,  69253,  69271,  69273,  69296,  69332,  69337,  69357,  69363,  69380,  69402
  69404,  69412,  69420,  69432,  69447,  69451,  69463,  69472,  69479,  69485,  69490,  69493,  69502,  69516,  69520,  69526
  69536,  69544,  69553,  69558,  69585,  69600,  69646,  69656,  69665,  69668,  69682,  69690,  69693,  69701,  69711,  69720
  69722,  69765,  69773,  69813,  69818,  69831,  69834,  69858,  69877,  69883,  69901,  69930,  69933,  69944,  69946,  69951
  69954,  69963,  70006,  70012,  70013,  70014,  70054,  70068,  70076,  70082,  70092,  70097,  70118,  70175,  70188,  70213
  70215,  70223,  70249,  70255,  70262,  70268,  70271,  70274,  70303,  70323,  70329,  70369,  70377,  70385,  70388,  70391
  70416,  70421,  70432,  70438,  70440,  70449,  70483,  70499,  70504,  70525,  70543,  70554,  70555,  70566,  70569,  70591
  70599,  70602,  70608,  70632,  70639,  70645,  70664,  70698,  70722,  70758,  70774,  70779,  70781,  70783,  70784,  70812
  70836,  70838,  70873,  70885,  70894,  70895,  70901,  70934,  70950,  70983,  70998,  71012,  71034,  71037,  71105,  71120
  71148,  71160,  71163,  71168,  71213,  71243,  71255,  71259,  71262,  71277,  71317,  71325,  71351,  71362,  71364,  71366
  71377,  71380,  71389,  71396,  71403,  71436,  71448,  71451,  71457,  71495,  71518,  71524,  71529,  71541,  71566,  71576
  71578,  71624,  71636,  71637,  71639,  71662,  71669,  71682,  71691,  71709,  71714,  71745,  71784,  71788,  71793,  71799
  71801,  71805,  71832,  71833,  71847,  71852,  71856,  71860,  71862,  71877,  71889,  71903,  71936,  71946,  71950,  71967
  72000,  72020,  72024,  72040,  72057,  72068,  72107,  72111,  72121,  72165,  72209,  72212,  72214,  72239,  72248,  72251
  72267,  72280,  72283,  72310,  72312,  72329,  72330,  72374,  72377,  72417,  72428,  72430,  72434,  72447,  72457,  72483
  72488,  72493,  72511,  72520,  72521,  72528,  72542,  72551,  72557,  72566,  72569,  72578,  72581,  72585,  72592,  72604
  72621,  72631,  72646,  72658,  72660,  72674,  72684,  72693,  72709,  72723,  72750,  72756,  72771,  72786,  72789,  72801
  72807,  72829,  72856,  72859,  72886,  72891,  72897,  72916,  72922,  72931,  72937,  72957,  72960,  73070,  73091,  73094
  73105,  73135,  73150,  73166,  73200,  73201,  73221,  73250,  73262,  73266,  73273,  73283,  73284,  73302,  73321,  73368
  73376,  73392,  73412,  73453,  73510,  73526,  73541,  73542,  73582,  73584,  73589,  73613,  73634,  73675,  73691,  73706
  73758,  73762,  73790,  73848,  73854,  73859,  73868,  73872,  73877,  73893,  73921,  73941,  73949,  73964,  73977,  73982
  73993,  74039,  74045,  74053,  74060,  74071,  74106,  74131,  74133,  74144,  74179,  74187,  74198,  74220,  74223,  74241
  74256,  74278,  74289,  74290,  74292,  74295,  74364,  74380,  74382,  74384,  74403,  74444,  74466,  74478,  74483,  74484
  74494,  74502,  74503,  74528,  74532,  74578,  74617,  74620,  74624,  74625,  74649,  74660,  74704,  74719,  74774,  74799
  74804,  74812,  74832,  74834,  74854,  74855,  74868,  74874,  74889,  74901,  74922,  74949,  74966,  74992,  75006,  75007
  75031,  75035,  75070,  75098,  75154,  75188,  75209,  75228,  75238,  75252,  75262,  75272,  75337,  75344,  75368,  75372
  75402,  75403,  75416,  75423,  75436,  75467,  75499,  75537,  75576,  75588,  75605,  75606,  75609,  75638,  75651,  75659
  75671,  75722,  75723,  75726,  75741,  75746,  75747,  75765,  75785,  75795,  75813,  75821,  75831,  75880,  75885,  75886
  75894,  75965,  75971,  75990,  75991,  76011,  76014,  76050,  76056,  76072,  76079,  76082,  76094,  76109,  76114,  76117
  76119,  76138,  76171,  76186,  76191,  76193,  76198,  76219,  76223,  76235,  76260,  76272,  76296,  76309,  76318,  76344
  76361,  76368,  76372,  76383,  76385,  76389,  76397,  76400,  76407,  76445,  76454,  76465,  76478,  76496,  76506,  76512
  76528,  76537,  76552,  76565,  76592,  76619,  76622,  76626,  76658,  76671,  76710,  76719,  76720,  76741,  76744,  76752
  76754,  76764,  76769,  76771,  76791,  76857,  76889,  76904,  76905,  76912,  76935,  76945,  76946,  76958,  76964,  76989
  77044,  77060,  77067,  77080,  77117,  77129,  77150,  77155,  77159,  77172,  77181,  77186,  77195,  77198,  77206,  77219
  77257,  77294,  77298,  77306,  77319,  77341,  77345,  77348,  77349,  77364,  77415,  77433,  77465,  77478,  77490,  77496
  77498,  77507,  77512,  77518,  77537,  77540,  77563,  77604,  77617,  77637,  77655,  77662,  77704,  77718,  77726,  77755
  77762,  77790,  77813,  77820,  77853,  77864,  77893,  77908,  77916,  77920,  77939,  77940,  77947,  77972,  77988,  77991
  78006,  78007,  78008,  78011,  78012,  78036,  78039,  78066,  78088,  78098,  78103,  78112,  78116,  78123,  78143,  78159
  78168,  78169,  78182,  78227,  78229,  78245,  78256,  78263,  78269,  78270,  78272,  78295,  78316,  78325,  78328,  78368
  78369,  78425,  78433,  78441,  78467,  78481,  78488,  78497,  78498,  78527,  78531,  78541,  78550,  78577,  78593,  78602
  78607,  78677,  78689,  78718,  78728,  78737,  78744,  78758,  78767,  78784,  78786,  78821,  78843,  78850,  78851,  78894
  78902,  78922,  78924,  78942,  78948,  78997,  79000,  79041,  79064,  79068,  79069,  79151,  79152,  79185,  79190,  79202
  79208,  79223,  79228,  79230,  79239,  79260,  79288,  79302,  79311,  79315,  79365,  79377,  79384,  79385,  79410,  79434
  79447,  79460,  79468,  79471,  79476,  79480,  79493,  79500,  79527,  79533,  79556,  79563,  79577,  79583,  79585,  79587
  79601,  79604,  79606,  79619,  79623,  79630,  79632,  79650,  79713,  79725,  79731,  79747,  79805,  79809,  79848,  79851
  79886,  79903,  79910,  79929,  79981,  79983,  79989,  80034,  80040,  80050,  80052,  80094,  80114,  80123,  80135,  80139
  80167,  80183,  80200,  80225,  80236,  80254,  80261,  80292,  80300,  80313,  80363,  80440,  80466,  80468,  80475,  80485
  80516,  80529,  80530,  80552,  80553,  80581,  80586,  80611,  80614,  80639,  80659,  80674,  80708,  80715,  80739,  80751
  80754,  80761,  80782,  80785,  80798,  80855,  80860,  80870,  80871,  80880,  80893,  80902,  80907,  80933,  80934,  80942
  80960,  80970,  80989,  80994,  81036,  81038,  81067,  81095,  81098,  81103,  81118,  81128,  81133,  81185,  81210,  81225
  81279,  81303,  81339,  81365,  81379,  81384,  81402,  81406,  81465,  81490,  81492,  81520,  81539,  81574,  81590,  81593
  81598,  81609,  81615,  81629,  81640,  81672,  81679,  81706,  81710,  81717,  81728,  81732,  81738,  81745,  81754,  81770
  81797,  81829,  81831,  81877,  81881,  81916,  81941,  81961,  81965,  81968,  81998,  82047,  82076,  82077,  82105,  82120
  82129,  82136,  82144,  82163,  82168,  82174,  82186,  82207,  82211,  82215,  82222,  82240,  82242,  82245,  82289,  82290
  82304,  82316,  82319,  82323,  82324,  82337,  82365,  82379,  82403,  82423,  82428,  82432,  82440,  82461,  82464,  82468
  82480,  82486,  82521,  82536,  82554,  82558,  82591,  82595,  82606,  82626,  82630,  82639,  82665,  82668,  82678,  82682
  82698,  82706,  82717,  82722,  82761,  82786,  82816,  82821,  82834,  82871,  82898,  82905,  82929,  82932,  82936,  82941
  82960,  82983,  82989,  82991,  83004,  83005,  83017,  83043,  83053,  83068,  83072,  83085,  83088,  83091,  83099,  83107
  83129,  83232,  83236,  83237,  83240,  83250,  83259,  83261,  83262,  83274,  83294,  83377,  83382,  83390,  83411,  83437
  83439,  83458,  83477,  83488,  83491,  83494,  83510,  83524,  83536,  83546,  83551,  83579,  83582,  83592,  83608,  83613
  83622,  83685,  83730,  83734,  83741,  83745,  83748,  83751,  83798,  83813,  83817,  83845,  83857,  83863,  83873,  83875
  83878,  83883,  83886,  83899,  83915,  83926,  83928,  83946,  83973,  83985,  84001,  84006,  84014,  84015,  84018,  84036
  84050,  84060,  84070,  84092,  84120,  84150,  84186,  84191,  84207,  84240,  84244,  84250,  84255,  84260,  84265,  84276
  84282,  84303,  84306,  84308,  84314,  84329,  84347,  84350,  84355,  84393,  84401,  84425,  84428,  84432,  84445,  84452
  84538,  84540,  84542,  84578,  84599,  84601,  84610,  84615,  84623,  84628,  84634,  84639,  84645,  84655,  84658,  84689
  84692,  84747,  84749,  84752,  84766,  84767,  84777,  84779,  84795,  84827,  84854,  84858,  84874,  84880,  84945,  84972
  84977,  84984,  85042,  85060,  85062,  85068,  85078,  85101,  85109,  85113,  85122,  85176,  85226,  85252,  85322,  85326
  85337,  85351,  85366,  85393,  85437,  85454,  85473,  85487,  85498,  85539,  85544,  85552,  85554,  85581,  85619,  85631
  85643,  85645,  85650,  85673,  85700,  85718,  85731,  85744,  85784,  85827,  85836,  85851,  85883,  85903,  85923,  85928
  85940,  85973,  86001,  86060,  86105,  86132,  86160,  86201,  86213,  86270,  86283,  86291,  86297,  86298,  86299,  86307
  86311,  86315,  86324,  86392,  86396,  86400,  86404,  86413,  86431,  86439,  86514,  86584,  86596,  86607,  86623,  86639
  86649,  86701,  86707,  86711,  86720,  86724,  86732,  86735,  86736,  86772,  86776,  86790,  86819,  86824,  86850,  86851
  86868,  86878,  86940,  86949,  86955,  86956,  86973,  86994,  87018,  87021,  87026,  87042,  87068,  87095,  87163,  87184
  87191,  87196,  87200,  87207,  87234,  87241,  87260,  87269,  87289,  87385,  87549,  87555,  87568,  87572,  87596,  87618
  87621,  87681,  87682,  87722,  87729,  87744,  87832,  87833,  87853,  87860,  87869,  87887,  87907,  87920,  87939,  87947
  87960,  87973,  87985,  88017,  88044,  88046,  88083,  88093,  88105,  88110,  88113,  88114,  88132,  88156,  88173,  88180
  88193,  88223,  88233,  88253,  88258,  88304,  88310,  88341,  88345,  88355,  88370,  88387,  88389,  88424,  88440,  88446
  88495,  88496,  88498,  88519,  88533,  88559,  88603,  88622,  88625,  88626,  88639,  88672,  88698,  88701,  88703,  88712
  88714,  88715,  88753,  88800,  88826,  88887,  88908,  88922,  88955,  88957,  88960,  88964,  88989,  89026,  89027,  89029
  89048,  89074,  89104,  89110,  89134,  89164,  89188,  89196,  89228,  89231,  89241,  89260,  89286,  89354,  89375,  89390
  89418,  89438,  89447,  89448,  89451,  89471,  89486,  89501,  89504,  89514,  89534,  89607,  89618,  89624,  89627,  89635
  89648,  89666,  89700,  89706,  89735,  89786,  89808,  89839,  89870,  89919,  89932,  89961,  89998,  90036,  90058,  90082
  90121,  90129,  90158,  90231,  90236,  90243,  90249,  90255,  90264,  90268,  90270,  90306,  90312,  90326,  90335,  90337
  90386,  90417,  90423,  90439,  90462,  90473,  90503,  90537,  90544,  90593,  90598,  90611,  90617,  90629,  90646,  90652
  90676,  90693,  90727,  90795,  90835,  90868,  90887,  90893,  90897,  90901,  90903,  90913,  90960,  90979,  90982,  91024
  91043,  91067,  91075,  91094,  91101,  91132,  91159,  91162,  91189,  91193,  91240,  91247,  91253,  91297,  91313,  91321
  91339,  91356,  91400,  91401,  91407,  91429,  91443,  91473,  91495,  91499,  91508,  91526,  91528,  91529,  91532,  91588
  91674,  91680,  91700,  91736,  91755,  91774,  91810,  91867,  91888,  91901,  91907,  91957,  92003,  92004,  92008,  92010
  92013,  92021,  92080,  92103,  92127,  92146,  92167,  92180,  92183,  92211,  92225,  92230,  92242,  92268,  92291,  92373
  92390,  92394,  92400,  92426,  92484,  92494,  92500,  92506,  92520,  92533,  92558,  92560,  92566,  92569,  92603,  92610
  92620,  92641,  92658,  92662,  92664,  92678,  92698,  92706,  92708,  92722,  92724,  92728,  92734,  92738,  92764,  92766
  92797,  92800,  92804,  92806,  92817,  92822,  92825,  92853,  92860,  92920,  92950,  93004,  93012,  93017,  93026,  93029
  93031,  93040,  93092,  93095,  93145,  93146,  93157,  93185,  93237,  93277,  93291,  93325,  93332,  93346,  93380,  93397
  93446,  93497,  93547,  93571,  93573,  93598,  93604,  93633,  93644,  93675,  93682,  93688,  93723,  93742,  93822,  93861
  93900,  93989,  93994,  94035,  94063,  94106,  94139,  94141,  94171,  94175,  94181,  94195,  94203,  94237,  94270,  94307
  94359,  94379,  94432,  94451,  94466,  94476,  94479,  94512,  94518,  94553,  94559,  94594,  94607,  94629,  94632,  94650
  94712,  94716,  94723,  94727,  94758,  94783,  94832,  94852,  94854,  94904,  94924,  94936,  94952,  94957,  94959,  94978
  94982,  94991,  95015,  95020,  95025,  95031,  95069,  95082,  95088,  95096,  95101,  95103,  95144,  95161,  95168,  95174
  95179,  95203,  95232,  95239,  95254,  95311,  95368,  95391,  95395,  95412,  95432,  95437,  95458,  95475,  95496,  95513
  95538,  95549,  95551,  95582,  95641,  95685,  95739,  95747,  95753,  95755,  95865,  95881,  95893,  95916,  95988,  96003
  96036,  96039,  96049,  96066,  96069,  96080,  96113,  96140,  96185,  96196,  96203,  96239,  96241,  96242,  96243,  96266
  96276,  96367,  96383,  96403,  96427,  96446,  96463,  96468,  96496,  96504,  96544,  96583,  96639,  96661,  96687,  96708
  96714,  96737,  96749,  96763,  96800,  96819,  96820,  96859,  96875,  96876,  96888,  96927,  96938,  96939,  96945,  97000
  97029,  97047,  97058,  97076,  97081,  97094,  97098,  97109,  97120,  97181,  97202,  97212,  97226,  97235,  97269,  97318
  97341,  97429,  97494,  97501,  97504,  97530,  97544,  97546,  97559,  97568,  97620,  97648,  97652,  97655,  97679,  97711
  97756,  97760,  97790,  97803,  97807,  97816,  97824,  97840,  97882,  97885,  97887,  97895,  97903,  97912,  97972,  97991
  97993,  98028,  98037,  98061,  98078,  98081,  98094,  98099,  98106,  98124,  98161,  98178,  98191,  98258,  98279,  98291
  98344,  98372,  98395,  98429,  98447,  98450,  98472,  98495,  98497,  98505,  98507,  98514,  98574,  98582,  98607,  98644
  98653,  98665,  98668,  98669,  98693,  98695,  98708,  98711,  98747,  98755,  98783,  98804,  98844,  98864,  98865,  98877
  98882,  98906,  98911,  98916,  98967,  98974,  98975,  98994,  99012,  99062,  99093,  99097,  99108,  99120,  99142,  99154
  99173,  99182,  99192,  99214,  99220,  99238,  99271,  99288,  99338,  99350,  99376,  99435,  99458,  99460,  99469,  99471
  99482,  99484,  99490,  99495,  99499,  99510,  99515,  99541,  99563,  99566,  99567,  99579,  99582,  99623,  99631,  99672
  99693,  99709,  99711,  99733,  99742,  99758,  99766,  99771,  99774,  99780,  99794,  99796,  99801,  99811,  99857,  99860
  99865,  99871,  99880,  99897,  99925,  99935,  99971,  99974, 100014, 100039, 100076, 100107, 100135, 100137, 100186, 100188
 100192, 100211, 100227, 100242, 100280, 100285, 100303, 100344, 100346, 100356, 100391, 100406, 100464, 100465, 100467, 100507
 100520, 100527, 100534, 100543, 100548, 100552, 100569, 100580, 100588, 100620, 100635, 100647, 100662, 100688, 100698, 100715
 100738, 100739, 100746, 100793, 100830, 100912, 100986, 101002, 101011, 101016, 101076, 101106, 101108, 101124, 101127, 101134
 101171, 101181, 101187, 101189, 101214, 101238, 101285, 101341, 101354, 101362, 101396, 101400, 101406, 101409, 101413, 101442
 101488, 101566, 101582, 101589, 101612, 101640, 101646, 101677, 101679, 101685, 101710, 101733, 101740, 101776, 101795, 101806
 101814, 101833, 101844, 101870, 101872, 101920, 101924, 102021, 102040, 102050, 102052, 102054, 102082, 102159, 102164, 102194
 102250, 102261, 102289, 102346, 102350, 102388, 102431, 102481, 102515, 102528, 102553, 102556, 102558, 102582, 102591, 102610
 102639, 102666, 102719, 102743, 102748, 102752, 102765, 102803, 102832, 102857, 102886, 102902, 102931, 102939, 102941, 102994
 103030, 103042, 103044, 103087, 103106, 103131, 103213, 103245, 103247, 103278, 103308, 103343, 103344, 103351, 103353, 103357
 103360, 103407, 103441, 103454, 103499, 103517, 103536, 103541, 103597, 103611, 103649, 103686, 103695, 103717, 103732, 103747
 103769, 103773, 103781, 103808, 103886, 103898, 103901, 103919, 103924, 103930, 103996, 104011, 104031, 104038, 104084, 104117
 104119, 104122, 104149, 104163, 104254, 104267, 104278, 104283, 104308, 104333, 104335, 104378, 104386, 104420, 104431, 104445
 104448, 104477, 104537, 104571, 104627, 104641, 104652, 104707, 104722, 104729, 104734, 104736, 104739, 104749, 104759, 104772
 104790, 104832, 104857, 104873, 104875, 104930, 104961, 104967, 105011, 105046, 105052, 105061, 105070, 105085, 105098, 105119
 105132, 105134, 105144, 105264, 105279, 105298, 105311, 105312, 105325, 105332, 105367, 105372, 105373, 105379, 105380, 105410
 105416, 105422, 105460, 105538, 105574, 105600, 105609, 105622, 105623, 105671, 105770, 105799, 105830, 105832, 105843, 105885
 105914, 105967, 105969, 106002, 106013, 106081, 106088, 106318, 106393, 106473, 106510, 106517, 106554, 106648, 106651, 106676
 106762, 106938, 107000, 107036, 107039, 107062, 107123, 107127, 107190, 107330, 107351, 107409, 107433, 107456, 107460, 107610
 107636, 107683, 107814, 107840, 108003, 108021, 108067, 108100, 108204, 108222, 108231, 108331, 108392, 108395, 108438, 108538
 108571, 108678, 108711, 108787, 108905, 109171, 109263, 109283, 109318, 109331, 109344, 109366, 109520, 109651, 109680, 109759
 109792, 109834, 109862, 109865, 109919, 109947, 109968, 109971, 110012, 110020, 110070, 110097, 110101, 110177, 110180, 110220
 110305, 110386, 110395, 110399, 110413, 110452, 110471, 110474, 110483, 110538, 110564, 110566, 110578, 110615, 110617, 110624
 110693, 110710, 110728, 110772, 110866, 110939, 110947, 111099, 111126, 111179, 111223, 111276, 111304, 111317, 111365, 111376
 111397, 111430, 111546, 111549, 111585, 111722, 111892, 111893, 112003, 112016, 112025, 112126, 112212, 112261, 112302, 112349
 112469, 112511, 112546, 112555, 112577, 112715, 112829, 112933, 112938, 112942, 113046, 113144, 113156, 113188, 113210, 113239
 113253, 113271, 113300, 113332, 113339, 113344, 113377, 113403, 113404, 113486, 113599, 113751, 113893, 113894, 113965, 114249
 114254, 114259, 114293, 114300, 114306, 114442, 114608, 114691, 114720, 114751, 114765, 114794, 114835, 114841, 114862, 114869
 114888, 114955, 115005, 115016, 115152, 115345, 115347, 115475, 115556, 115584, 115697, 115740, 116002, 116018, 116023, 116025
 116164, 116166, 116180, 116245, 116268, 116286, 116326, 116376, 116378, 116543, 116652, 116654, 116666, 116773, 116911, 116931
 116935, 116994, 117206, 117455, 117511, 117558, 117717, 117758, 117772, 117803, 117806, 117820, 117845, 117941, 118009, 118054
 118239, 118328, 118447, 118450, 118466, 118544, 118566, 118573, 118650, 118682, 118684, 118724, 118759, 118801, 118878, 118913
 118953, 118972, 118977, 119052, 119118, 119226, 119338, 119353, 119366, 119394, 119421, 119540, 119590, 119643, 119719, 119746
 119759, 119886, 119915, 119929, 119996, 119999, 120057, 120220, 120280, 120328, 120348, 120384, 120456, 120563, 120670, 120729
 120881, 120990, 121080, 121211, 121594, 121605, 121634, 121741, 121941, 121958, 121991, 122015, 122030, 122117, 122133, 122138
 122171, 122183, 122211, 122257, 122372, 122396, 122539, 122549, 122591, 122617, 122638, 122654, 122678, 122680, 122719, 122798
 122849, 123030, 123130, 123212, 123234, 123262, 123385, 123501, 123550, 123555, 123592, 123613, 123615, 123775, 124123, 124141
 124156, 124219, 124306, 124392, 124479, 124576, 124710, 124748, 124763, 124775, 125107, 125114, 125133, 125272, 125296, 125346
 125387, 125505, 125563, 125623, 125690, 125751, 125886, 126064, 126209, 126264, 126495, 126588, 126668, 126723, 126813, 126909
 127024, 127289, 127517, 127618, 127690, 127746, 128000, 128059, 128147, 128184, 128186, 128277, 128386, 128387, 128502, 128510
 128529, 128586, 129124, 129139, 129325, 129388, 129425, 129553, 129648, 129836, 129905, 130306, 130347, 130385, 130393, 130648
 130657, 130703, 130843, 130898, 130974, 131111, 131112, 131163, 131218, 131325, 131605, 131763, 131838, 132145, 132239, 132259
 132312, 132587, 132849, 132884, 133076, 133078, 133169, 133311, 133595, 134148, 134193, 134224, 134351, 134638, 134692, 134833
 134905, 135044, 135077, 135178, 135245, 135308, 135310, 135473, 135498, 135804, 135992, 136153, 136267, 136322, 136523, 136674
 136766, 136925, 137107, 137271, 137287, 137387, 137452, 137456, 137798, 137888, 137892, 138074, 138204, 138294, 138301, 138333
 138368, 138419, 138447, 138541, 138600, 138743, 138758, 139340, 139374, 139390, 139485, 139622, 139740, 139752, 140052, 140257
 140492, 140579, 140640, 140738, 140794, 141058, 141118, 141157, 141256, 141257, 141265, 141305, 141397, 141461, 141689, 141724
 141787, 141908, 142184, 142188, 142389, 142561, 142788, 142819, 142820, 142884, 142996, 143063, 143073, 143242, 143480, 143649
 143768, 143787, 143858, 143920, 144192, 144280, 144473, 144513, 144648, 144712, 144963, 144976, 145048, 145076, 145122, 145156
 145306, 145307, 145412, 145425, 145560, 145568, 145583, 145675, 145676, 145752, 145792, 145815, 145866, 145868, 145938, 146008
 146038, 146069, 146369, 147026, 147032, 147044, 147169, 147205, 147401, 147723, 147867, 147942, 147948, 148032, 148179, 148290
 148342, 148367, 148371, 148430, 148461, 148636, 148724, 148879, 149033, 149144, 149331, 149614, 149714, 149976, 150125, 150194
 150266, 150325, 150557, 150756, 150836, 150838, 150904, 150936, 150961, 151078, 151094, 151219, 151221, 151704, 151775, 151907
 151945, 151977, 151989, 152255, 152675, 152890, 152891, 153054, 153104, 153417, 153419, 153466, 153787, 154310, 154429, 154531
 154749, 154995, 155133, 155168, 155225, 155390, 155453, 156245, 156283, 156321, 156324, 156351, 156390, 156394, 156508, 156549
 156845, 156886, 156937, 157362, 157560, 157590, 157628, 157790, 157908, 158341, 158548, 158900, 158913, 159059, 159478, 159588
 159871, 160030, 160183, 160606, 160747, 160754, 160851, 160963, 161116, 161563, 161792, 161795, 161939, 161959, 162127, 162246
 162318, 162508, 162938, 162998, 163177, 163210, 163597, 163684, 163719, 163741, 164237, 164240, 164436, 164490, 164758, 165292
 165406, 165462, 165464, 165776, 165882, 165989, 166424, 166905, 167435, 167463, 167531, 167722, 167754, 167870, 168110, 168157
 168178, 168297, 168651, 168778, 168851, 168945, 169024, 169079, 169138, 169181, 169233, 169238, 169371, 169391, 170124, 170197
 170237, 170728, 171033, 171061, 171129, 171608, 171678, 171737, 172353, 172500, 172649, 173253, 173359, 173512, 173931, 174214
 174427, 174794, 174825, 174942, 174970, 175565, 175634, 175657, 175879, 176184, 176410, 176515, 176556, 176610, 176634, 176641
 176802, 176964, 177178, 177352, 177373, 177438, 177477, 177564, 177797, 178466, 178743, 178889, 178973, 179466, 179586, 179733
 179830, 179975, 180173, 180543, 180757, 180854, 180860, 181108, 181173, 181211, 181280, 181453, 182388, 182475, 182500, 182562
 182574, 182625, 182840, 183030, 183072, 183713, 183730, 183774, 183781, 183793, 183911, 183982, 183986, 184062, 184627, 184895
 184921, 184948, 185113, 185175, 185259, 185392, 185637, 185859, 186431, 186827, 187070, 187118, 187166, 187168, 187201, 187685
 187761, 187780, 187836, 188067, 188365, 188429, 188588, 188799, 188922, 189348, 189431, 189527, 189552, 189790, 189912, 189927
 190452, 190492, 190495, 190704, 190954, 191006, 191008, 191261, 191332, 191564, 192387, 192441, 192507, 192563, 193004, 193652
 193773, 194112, 194201, 194446, 194809, 195262, 195735, 195930, 195955, 196206, 197097, 197302, 197452, 197676, 197798, 198150
 198315, 198454, 198512, 198545, 198793, 199012, 199409, 199685, 200091, 200130, 200478, 200592, 201151, 201507, 201563, 201596
 201605, 202819, 203036, 203445, 203740, 203902, 204323, 204617, 204749, 205304, 205330, 205473, 205482, 206310, 206361, 206572
 206645, 206671, 206705, 207620, 207967, 208091, 208151, 208204, 208649, 209496, 210065, 210287, 210529, 210818, 211051, 211069
 211228, 211862, 212038, 212072, 212218, 212418, 212597, 212943, 213438, 213707, 213828, 214187, 214583, 214632, 215014, 215329
 215500, 215856, 215896, 216440, 216673, 217077, 217420, 217828, 217978, 218572, 218761, 218955, 218992, 219154, 219304, 219403
 220231, 220701, 221165, 221610, 222291, 223235, 223394, 223474, 223921, 223989, 224659, 224755, 224802, 225105, 225145, 225361
 225392, 225440, 226749, 227620, 227940, 227992, 228554, 228892, 229806, 229921, 229928, 231058, 231320, 231392, 231435, 231527
 231872, 232423, 235456, 236401, 237242, 237863, 237912, 238528, 238745, 239230, 239559, 239565, 239898, 239910, 240702, 240871
 241145, 241306, 241911, 241937, 242068, 242215, 242557, 243108, 243738, 243863, 243922, 243925, 244098, 244894, 244940, 246016
 246520, 246598, 246752, 247225, 247249, 247506, 248402, 248986, 249153, 249298, 249762, 250006, 250192, 250504, 250539, 250563
 250564, 250591, 250614, 250632, 250649, 250666, 250686, 250762, 250816, 250833, 250837, 250839, 250906, 250969, 251090, 251186
 251187, 251315, 251501, 251504, 251511, 251524, 251561, 251580, 251647, 251667, 251671, 251692, 251696, 251738, 251745, 251748
 251776, 251779, 251848, 251856, 251966, 251970, 251976, 252267, 252269, 252309, 252330, 252356, 252396, 252675,0,0